160849156235.200012 2237726796109403.000000 -83170829989308656.000000 1.000000 0.000067 0.000621
6690670292730898.000000 47340869667146696.000000 256108899860.480011 0.000207 1.000000 0.000001
13653405.150000 9560512414613.220703 6690670289926883.000000 -0.000744 0.000107 1.000000
2187065210239835.000000 -91386062141414912.000000 11022405.150000 0.018846 -0.000013 0.999822
47340869667070080.000000 575397881645.119995 1466490426870603.500000 1.000000 -0.000003 -0.000044
10061908415329.259766 6690670376939229.000000 47340869664468848.000000 0.000009 -0.009453 0.999955
92106497084877440.000000 12135405.150000 9758724042547.000000 0.000444 -0.641415 0.767194
2502336476995.520020 2232101720391597.750000 -89260281007224256.000000 0.999998 -0.001745 0.000357
6690670378625001.000000 47340869666573816.000000 1228102948618.239990 -0.000935 1.000000 0.000001
13653405.150000 9799269646822.490234 6690670376011039.000000 -0.000708 -0.000571 1.000000
2187065038441068.500000 -86518173867717888.000000 1834949900275.229980 0.002536 0.000725 0.999997
47340869669917080.000000 1113457.700000 1466491672411375.500000 1.000000 0.000003 -0.000146
11105370719248.320312 6690671021184324.000000 47340869667591336.000000 -0.000006 0.006310 0.999980
-76440541415515360.000000 3108151118501.470215 11437326110556.160156 0.000015 -0.505087 0.863068
2631724.610000 1466496698636283.000000 -75521175536401776.000000 0.999999 0.001089 0.000115
6690660242334411.000000 47340869669041240.000000 726.190000 0.000207 1.000000 0.000001
3095869030034.910156 11432602759530.560547 6690660239703414.000000 0.000027 -0.003746 0.999993
1466494853318111.000000 -78990634354467616.000000 3133833909931.550293 0.999996 -0.000000 0.002893
47340869670760176.000000 1113731.710000 1466490856367765.750000 1.000000 0.000003 -0.000146
10335669630132.160156 6690670548737920.000000 47340869667010632.000000 -0.000020 -0.003881 0.999992
-73203217890693888.000000 3950866651649.629883 11783672273305.599609 0.000015 -0.505087 0.863068
2631942.200000 1466495882592589.250000 -72707696736017456.000000 0.999999 0.001089 0.000115
6690660671831143.000000 47340869669651656.000000 950.830000 0.000207 1.000000 0.000001
4099602887110.109863 11875285038729.279297 6690660669032370.000000 -0.001977 0.002349 0.999995
1466503615051753.750000 -72060394998179232.000000 882240254676.510010 0.999994 -0.000000 0.003363
47340869669587648.000000 1113077.040000 1466488665934074.500000 1.000000 0.000003 -0.000146
9996152465383.359375 6690670376962820.000000 47340869666372304.000000 -0.000001 0.003823 0.999993
-82563563744652448.000000 106656173364.830002 9726597686886.400391 -0.000122 -0.596938 0.802287
2631007.360000 1466486906110439.000000 -82827327094909168.000000 0.999999 0.000251 0.001032
6690670507306247.000000 47340869666888256.000000 1319413953715.449951 0.000228 -1.000000 -0.000000
1648250302918.110107 10623001424541.550781 6690670891054533.000000 -0.002592 0.003120 0.999992
1466497430298532.750000 -84184158673361120.000000 1643866805276.189941 -0.121988 -0.773039 0.622519
47340869668492000.000000 1315807294184.800049 1466493819895004.500000 1.000000 -0.000000 0.000000
10621327905295.291016 6690670892335304.000000 47340869665861000.000000 -0.000000 -0.000000 1.000000
-84184166016237184.000000 1635277983684.189941 10617631602420.269531 0.839122 -0.474535 -0.265878
1312029240962.300049 1466496870434783.000000 -84184169626640720.000000 0.885259 -0.010475 -0.464981
6690670893685535.000000 47340869666974000.000000 1310007975332.090088 -0.000226 1.000000 0.000000
1626088271670.750000 10611104365129.419922 6690670891222307.000000 -0.001800 0.001920 0.999997
745920373227753.625000 -84184177270569504.000000 1621447075991.070068 0.813019 0.453431 -0.365240
47340869668491984.000000 1306143617763.550049 1466498200761642.500000 1.000000 -0.000000 0.000000
10605007029568.210938 6690670849385632.000000 47340869665860984.000000 -0.000000 -0.000000 1.000000
-84184184742294592.000000 1612471707342.429932 10602169720152.400391 0.836377 -0.500172 -0.224278
1302322614868.040039 1466499876911886.750000 -84184188524496816.000000 0.882019 -0.029657 -0.470280
6690670850735860.000000 47340869666973984.000000 1300387248583.800049 -0.000225 1.000000 0.000000
1603582643039.709961 10596286727955.980469 6690670848272632.000000 -0.001994 0.002150 0.999996
745923680352568.125000 -84184195867777888.000000 1599113246051.870117 0.813019 0.453431 -0.365240
47340869668491984.000000 1296394041996.400146 1466498587308695.750000 1.000000 -0.000000 0.000000
10588213707438.550781 6690670849385632.000000 47340869665860984.000000 -0.000000 -0.000000 1.000000
-84184203511301664.000000 1589622481327.709961 10584431505217.589844 0.833935 -0.512739 -0.204087
1292272391390.050049 1466499876911882.500000 -84184207250554224.000000 0.867693 -0.154044 -0.472631
6690670850735862.000000 47340869666973984.000000 1290251125759.850098 -0.000228 1.000000 0.000000
1580475718987.229980 10577904267926.750000 6690670848104860.000000 -0.002928 0.003355 0.999990
1466495497563239.000000 -84184214722684320.000000 1575705674288.669922 -0.109510 -0.776639 0.620354
47340869668491984.000000 1286086120480.540039 745924321966657.125000 1.000000 -0.000000 0.000000
10569144052641.939453 6690670849217862.000000 47340869665860976.000000 -0.000000 -0.000000 1.000000
-84184222065560384.000000 1566558506948.189941 10565834296823.560547 -0.701891 0.693730 -0.161518
1282179218239.110107 1466498974968746.000000 -84184225675963920.000000 0.867693 -0.154044 -0.472631
6690670850903634.000000 47340869666973976.000000 1280029103589.959961 0.000000 -1.000000 0.000000
1556896348532.189941 10556815978500.960938 6690670848104860.000000 -0.005467 0.006203 0.999966
1466498375191322.500000 -84184233319892704.000000 1552341052198.429932 -0.126945 -0.775639 0.618279
47340869668491976.000000 1275735249291.709961 1466495494932233.000000 1.000000 -0.000000 0.000000
10549473102423.859375 6690670849385634.000000 47340869665860976.000000 -0.000000 -0.000000 1.000000
-84184240834567488.000000 1542979136493.150146 10546292195624.349609 -0.646293 0.720934 -0.250120
1271871296723.219971 745924151280959.250000 -84184244573820032.000000 -0.011352 0.999933 -0.002266
6690670850735862.000000 47340869666973976.000000 1269764131747.070068 -0.000000 -1.000000 0.000000
1533574676114.909912 10537789273377.300781 6690670848104862.000000 0.001211 -0.001834 0.999998
1466499234184777.250000 -84184251917101120.000000 1529148228800.030029 -0.126945 -0.775639 0.618279
47340869668491976.000000 1265642076140.739990 1466498243711298.250000 1.000000 -0.000000 0.000000
10531477189451.250000 6690670849385634.000000 47340869665860976.000000 -0.000000 -0.000000 1.000000
-84184259560624896.000000 1519700413748.830078 10528253332978.779297 -0.679881 0.704867 -0.202297
1261477475861.390137 1466498588421680.250000 -84184263299877440.000000 0.869514 -0.143689 -0.472545
6690670850735859.000000 47340869666973968.000000 1259370310885.239990 0.000937 -1.000000 -0.000001
1509909406313.949951 10518290121851.041016 6690670848104860.000000 0.000282 -0.000803 1.000000
1466497602097200.000000 -84184270814957216.000000 1505182311288.350098 -0.124107 -0.780704 0.612453
47340869668491968.000000 1255076456586.989990 745922260382341.250000 1.000000 -0.000000 0.000000
10510045302641.740234 6690670806268187.000000 47340869665860968.000000 -0.000000 -0.000000 1.000000
-84184278157833280.000000 1495777445910.110107 10506177201074.871094 0.732753 -0.670590 0.115678
1251040705326.610107 1466497171082467.750000 -84184281768236816.000000 0.874121 -0.021280 -0.485242
6690670807953961.000000 47340869666973968.000000 1248847641004.479980 0.000940 -1.000000 -0.000001
1486029388148.189941 10498103775557.400391 6690670805322959.000000 0.006887 -0.008918 0.999937
1466498589939673.750000 -84184289369215936.000000 1481087544757.790039 -0.124107 -0.780704 0.612453
47340869668491968.000000 1244467887360.260010 1466497212919137.750000 1.000000 -0.000000 -0.000000
10488828164197.029297 6690670806435959.000000 47340869665860968.000000 -0.000000 0.000000 1.000000
-84184296883890688.000000 1471510880687.709961 10485862005762.310547 0.798103 -0.602034 -0.024203
1240389186426.870117 745920028112340.875000 -84184300623143248.000000 -0.011352 0.999933 -0.002266
6690670807953959.000000 47340869666973968.000000 1238196122104.780029 0.000918 -1.000000 -0.000001
1462063470636.510010 10477745630571.910156 6690670805155189.000000 -0.001484 0.001232 0.999998
745922649560389.750000 -84184307966424320.000000 1457551123975.709961 -0.278686 -0.754665 0.593982
47340869668491960.000000 1234245865190.320068 745922646929389.125000 1.000000 -0.000000 0.000000
10471820093702.480469 6690670806268187.000000 47340869665860960.000000 -0.000000 -0.000000 1.000000
-84184315609948096.000000 1447673812194.909912 10467092998676.371094 0.770074 -0.636228 0.046909
1229780617200.130127 1466490513883149.750000 -84184319349200656.000000 0.873880 -0.026322 -0.485429
6690670807953958.000000 47340869666973960.000000 1227673452223.979980 -0.000935 1.000000 0.000001
1438011653778.909912 10459191371850.740234 6690670805322959.000000 -0.000824 0.000425 1.000000
1466496485405689.750000 -84184326864280416.000000 1433155709734.429932 -0.015020 -0.787726 0.615843
47340869668491960.000000 1223508446944.620117 745917535918302.125000 1.000000 -0.000000 0.000000
10451547848062.871094 6690670806268187.000000 47340869665860960.000000 -0.000000 0.000000 1.000000
-84184334207156512.000000 1423536095991.390137 10447121400747.500000 0.770215 -0.635949 0.048345
1219429746011.260010 745923077539112.375000 -84184337817560032.000000 -0.011352 0.999933 -0.002266
6690670807953961.000000 47340869666973960.000000 1217236681689.120117 -0.000925 1.000000 0.000001
1413873937575.390137 10441152509205.089844 6690670805155186.000000 -0.001391 0.001477 0.999998
1466496313606993.750000 -84184345461488800.000000 1409017993530.909912 -0.015020 -0.787726 0.615843
47340869668491960.000000 1212899877717.860107 1466492058958369.250000 1.000000 -0.000000 0.000000
10433380136398.330078 6690670806435958.000000 47340869665860944.000000 -0.000000 0.000000 1.000000
-84184352933213920.000000 1399355430114.909912 10430413977963.609375 0.774535 -0.631316 0.039200
1209035925149.290039 1466497428780488.250000 -84184356672466448.000000 0.875003 -0.005166 -0.484089
6690670807786187.000000 47340869666973944.000000 1206928760173.110107 -0.000913 1.000000 0.000001
1390079818755.550049 10425819475956.000000 6690670762373285.000000 0.000008 -0.000622 1.000000
745921275170843.000000 -84184364058697216.000000 1385653371440.669922 -0.297024 -0.750106 0.590862
47340869668491944.000000 1203150301950.550049 1466492058958366.750000 1.000000 -0.000000 -0.000000
10423201063904.550781 6690670763318513.000000 47340869665860944.000000 -0.000000 0.000000 1.000000
-84184371659271328.000000 1376377355081.310059 10421866993042.339844 0.768447 -0.637130 0.059631
1199157500363.060059 1466493477410573.500000 -84184375441473536.000000 0.875957 0.004631 -0.482367
6690670765004287.000000 47340869666973944.000000 1197007385713.909912 0.000000 -1.000000 0.000000
1366543397973.469971 10414266013927.419922 6690670762373288.000000 0.002059 -0.004062 0.999990
1466497816845540.750000 -84184382913603648.000000 1361644504256.030029 -0.040393 -0.787361 0.615168
47340869668491944.000000 1192799430761.580078 745921272539839.375000 1.000000 -0.000000 0.000000
10408039829347.250000 6690670763486287.000000 47340869665860944.000000 -0.000000 0.000000 1.000000
-84184390256479712.000000 1352239638877.790039 10405073670912.541016 0.752252 -0.650059 0.107423
1188806629174.150146 1466497557629501.250000 -84184393866883232.000000 0.875957 0.004631 -0.482367
6690670765004287.000000 47340869666973936.000000 1186656514524.989990 0.000000 -1.000000 0.000000
1342448631442.909912 10399405427080.839844 6690670762373287.000000 0.004700 -0.009054 0.999948
745921275170836.625000 -84184401510812032.000000 1337678586744.350098 -0.297024 -0.750106 0.590862
47340869668491936.000000 1182448559572.620117 745917879515672.125000 1.000000 -0.000000 0.000000
10393995286286.919922 6690670763318514.000000 47340869665860936.000000 -0.000000 0.000000 1.000000
-84184408982537120.000000 1327973073655.390137 10390943228506.269531 0.768411 -0.636443 0.066967
1178369858639.209961 745920758256759.250000 -84184412764739344.000000 -0.011352 0.999933 -0.002266
6690670764836514.000000 47340869666973936.000000 1176262693663.050049 0.000000 -1.000000 0.000000
1318568613277.150146 10385962179441.970703 6690670762205514.000000 -0.000806 0.000903 0.999999
1466494209073005.750000 -84184420108020416.000000 1314013316943.390137 -0.049425 -0.786738 0.615305
47340869668491936.000000 1172097688383.679932 1466496139177287.750000 1.000000 -0.000000 -0.000000
10378748152383.689453 6690670763486287.000000 47340869665860936.000000 -0.000000 0.000000 1.000000
-84184427751544192.000000 1303964206470.750000 10376855735772.980469 0.776731 -0.628279 0.044214
1167933088104.290039 1466493949856965.750000 -84184431490796752.000000 0.876362 -0.022800 -0.481114
6690670765004287.000000 47340869666973936.000000 1165997721820.010010 0.000000 -1.000000 0.000000
1292240463752.669922 10373034327878.390625 6690670762205514.000000 -0.000169 -0.000411 1.000000
771245948536272.500000 -84184440766813120.000000 1289961500085.790039 -0.000061 -0.786908 0.617070
47340869668491928.000000 1161961565559.560059 1466493175649851.250000 1.000000 -0.000000 -0.000000
10367194690355.070312 6690670763486287.000000 47340869665860928.000000 -0.000006 0.006634 0.999978
-84184446348752608.000000 1280041238632.030029 10364013783555.550781 0.777763 -0.627224 0.040923
1157796965280.209961 1466490814530836.750000 -84184449959156128.000000 0.876362 -0.022800 -0.481114
6690670722054614.000000 47340869666973928.000000 1155603900958.070068 0.000000 -1.000000 0.000000
1270250231197.150146 10359591080239.701172 6690670719423612.000000 0.001360 -0.003639 0.999992
1466493435978886.500000 -84184457560135232.000000 1265437236825.630127 -0.106651 -0.781325 0.614944
47340869668491928.000000 1151524795024.630127 1466494077592980.500000 1.000000 -0.000000 -0.000000
10356972668188.230469 6690670720368840.000000 47340869665860928.000000 -0.000006 0.006557 0.999979
-84184465074810016.000000 1255903522428.510010 10353233415640.201172 0.780973 -0.623912 0.028554
1147531993437.159912 1466496140290281.250000 -84184468814062560.000000 0.878612 -0.003716 -0.477522
6690670721886840.000000 47340869666973928.000000 1145424828460.979980 -0.000000 -1.000000 0.000000
1246584961396.189941 10349454957418.810547 6690670719423614.000000 0.002649 -0.006617 0.999975
745921618768209.000000 -84184476157343616.000000 1242072614735.390137 0.989710 -0.116436 0.083167
47340869668491928.000000 1141431621873.510010 1466495795579896.000000 1.000000 -0.000000 -0.000000
10345204457794.810547 6690670720536614.000000 47340869665860920.000000 -0.000004 -0.003486 0.999994
-84184483800867424.000000 1232367101646.429932 10344471682354.050781 0.780278 -0.624538 0.033445
1137438820286.010010 1466496140290279.000000 -84184487540119968.000000 0.879961 0.039790 -0.473377
6690670722054614.000000 47340869666973920.000000 1135460504328.760010 -0.000000 -1.000000 0.000000
1222876741922.270020 10340822073151.509766 6690670719423614.000000 -0.000343 -0.000109 1.000000
745920029630307.250000 -84184495055199744.000000 1217891948858.909912 0.989710 -0.116436 0.083167
47340869668491920.000000 1131338448722.340088 1466497041120410.000000 1.000000 -0.000000 -0.000000
10336700422546.400391 6690670720536612.000000 47340869665860920.000000 -0.000010 -0.003640 0.999993
-84184502398075808.000000 1208530033153.630127 10334593257570.900391 0.771049 -0.632608 0.072738
1127517445826.790039 1466495281296818.000000 -84184506008479344.000000 0.882539 0.015750 -0.469975
6690670722054614.000000 47340869666973920.000000 1125410280850.590088 -0.000000 -1.000000 0.000000
1198781975391.709961 10330728900003.529297 6690670719423612.000000 -0.001832 0.004363 0.999989
1466493693676917.500000 -84184513652408128.000000 1193968981020.189941 -0.061605 -0.783943 0.617769
47340869668491920.000000 1121288225244.159912 1466491586511942.000000 1.000000 -0.000000 -0.000000
10328239336970.939453 6690670720536612.000000 47340869665860920.000000 -0.000020 -0.003881 0.999992
-84184521124133216.000000 1184692964660.830078 10327205913819.439453 0.772789 -0.631198 0.066230
1117467222348.580078 745915475446970.375000 -84184524863385760.000000 -0.011352 0.999933 -0.002266
6690670721886840.000000 47340869666973904.000000 1115231208353.469971 -0.000000 -1.000000 0.000000
1174816057880.030029 10320893424893.330078 6690670719423612.000000 -0.000854 0.001570 0.999998
1466489656407656.750000 -84184532206666848.000000 1170046013181.469971 -0.177124 -0.772038 0.610398
47340869668491904.000000 1111238001765.949951 1466490298021750.750000 1.000000 -0.000000 -0.000000
10317845516112.259766 6690670677586939.000000 47340869665860904.000000 -0.000057 -0.005987 0.999982
-84184539850190624.000000 1160598198130.270020 10317112740671.490234 0.765455 -0.634893 0.104828
1107331099524.380127 1466490470933442.250000 -84184543632392848.000000 0.873801 0.110394 -0.473587
6690670679104939.000000 47340869666973904.000000 1105438682913.080078 -0.000000 -1.000000 0.000000
1151451435789.790039 10316211910538.451172 6690670676473939.000000 -0.000831 0.001396 0.999999
1466490816048826.000000 -84184551104522944.000000 1146853189783.070068 0.155687 -0.780797 0.605077
47340869668491904.000000 1101660224690.469971 1466491157015209.750000 1.000000 -0.000000 -0.000000
10315182636386.519531 6690670677586939.000000 47340869665860904.000000 0.000008 -0.007601 0.999971
-84184558447399008.000000 1137791921788.510010 10314492810618.730469 0.761937 -0.635949 0.122561
1097925121140.859985 1466490213235403.750000 -84184562057802544.000000 0.873801 0.110394 -0.473587
6690670679104939.000000 47340869666973904.000000 1095817956164.660034 -0.000000 -1.000000 0.000000
1128086813699.550049 10311745144548.349609 6690670676473939.000000 -0.000897 0.001667 0.999998
1466490901948171.000000 -84184569701731328.000000 1123531517365.790039 0.155687 -0.780797 0.605077
47340869668491896.000000 1091910648923.099976 1466490770468151.750000 1.000000 -0.000000 -0.000000
10310887669088.259766 6690670677586939.000000 47340869665860896.000000 0.000008 -0.007601 0.999971
-84184577173456416.000000 1114255501006.429932 10310240792993.410156 0.761537 -0.635432 0.127623
1088175545373.469971 1466492403668723.750000 -84184580955658656.000000 0.874011 0.092420 -0.477036
6690670679104939.000000 47340869666973896.000000 1086197229416.219971 -0.000000 -1.000000 0.000000
1105065788992.989990 10308609818420.050781 6690670676306167.000000 -0.000717 0.000888 0.999999
1466489914105691.500000 -84184588298939712.000000 1099952146910.750000 0.157903 -0.781946 0.603015
47340869668491896.000000 1081774526098.960083 745913842246392.125000 1.000000 -0.000000 -0.000000
10297186723411.529297 6690670677586939.000000 47340869665860896.000000 0.000000 -0.007929 0.999969
-84184595942463520.000000 1088700445595.229980 10293189772825.720703 0.764875 -0.632573 0.121728
1077051580070.849976 1466491158128204.250000 -84184599681716064.000000 0.874973 0.018938 -0.483802
6690670678937167.000000 47340869666973896.000000 1074858515748.710083 0.000000 -1.000000 0.000000
1078522891103.710083 10287779227031.740234 6690670676473941.000000 -0.000302 -0.000016 1.000000
1466488840363863.000000 -84184607153846144.000000 1073709896732.190063 0.057987 -0.793664 0.605587
47340869668491896.000000 1070521711777.390015 1466495838529555.000000 1.000000 -0.000000 0.000000
10284387720866.951172 6690670677586941.000000 47340869665860896.000000 0.000006 -0.008341 0.999965
-84184614496722240.000000 1064090282989.150024 10282194656545.519531 0.777434 -0.623654 0.081561
1066571859862.890015 1466494594102038.500000 -84184618107125760.000000 0.873981 0.014763 -0.485736
6690670679104939.000000 47340869666973888.000000 1064335845867.739990 -0.000000 -1.000000 0.000000
1053826829151.709961 10277385406172.980469 6690670676473939.000000 -0.000456 0.000247 1.000000
1466493822525923.500000 -84184625751054560.000000 1048927935434.270020 0.025202 -0.794490 0.606754
47340869668491888.000000 1060256739934.280029 1466491586511930.000000 1.000000 -0.000000 0.000000
10274809943794.439453 6690670634637268.000000 47340869665860888.000000 0.000007 -0.008647 0.999963
-84184633265729312.000000 1039437170710.109985 10273218174894.451172 0.774766 -0.625420 0.092665
1055233146195.170044 1466490900430162.000000 -84184638937717152.000000 0.869572 0.122046 -0.478486
6690670636155266.000000 47340869666973888.000000 1052309937432.280029 0.000000 -1.000000 0.000000
1024621051538.910034 10265660145452.019531 6690670633524266.000000 -0.000263 -0.000262 1.000000
1466493178280827.000000 -84184648084884480.000000 1019765107494.430054 0.086175 -0.789530 0.607632
47340869668491888.000000 1047629536077.119995 1466491071115851.500000 1.000000 -0.000000 -0.000000
10263643028821.951172 6690670634637268.000000 47340869665860888.000000 0.000008 -0.008956 0.999960
-84184655728408288.000000 1009715997021.790039 10261836511557.130859 0.771277 -0.626786 0.110773
1043636734489.609985 1466495968491568.250000 -84184659467660816.000000 0.872132 0.114532 -0.475676
6690670636155268.000000 47340869666973872.000000 1041658418532.339966 -0.000000 -1.000000 0.000000
1000483335335.390015 10260506184694.480469 6690670633524268.000000 0.000735 -0.004047 0.999992
1466495970009568.000000 -84184666982740576.000000 995584441617.950073 -0.013748 -0.792562 0.609637
47340869668491872.000000 1037708161617.830078 1466495151334781.500000 1.000000 -0.000000 0.000000
10257887772642.980469 6690670634637268.000000 47340869665860872.000000 0.000000 -0.009516 0.999955
-84184674196767648.000000 986394324604.510010 10258271688699.189453 0.761026 -0.629866 0.155268
1032856366570.609985 1466494465253013.750000 -84184679997604496.000000 0.866782 0.151446 -0.475135
6690670636155268.000000 47340869666973872.000000 1030878050613.330078 -0.000000 -1.000000 0.000000
974284034829.790039 10256425965760.740234 6690670633524268.000000 0.000277 -0.002426 0.999997
1466495196915453.750000 -84184687512684256.000000 969857587514.910034 -0.149344 -0.786062 0.599836
47340869668491872.000000 1026798944679.869995 1466495022485761.750000 1.000000 -0.000000 0.000000
10253506905998.519531 6690670634469495.000000 47340869665860872.000000 0.000008 -0.009717 0.999953
-84184694984409376.000000 960323873117.790039 10254792765186.919922 0.760967 -0.629386 0.157489
1023321539168.080078 1466490943379830.750000 -84184698594812896.000000 0.867649 0.088934 -0.489159
6690670636323039.000000 47340869666973872.000000 1021214374191.900024 -0.000000 -1.000000 0.000000
949974519934.430054 10248437326587.800781 6690670633524268.000000 0.000021 -0.001088 0.999999
1466495669361854.500000 -84184706109892672.000000 944903827525.150024 0.129108 -0.795567 0.591950
47340869668491864.000000 1016748721201.570068 1466492917951785.000000 1.000000 -0.000000 0.000000
10246892656360.320312 6690670634637268.000000 47340869665860864.000000 0.000008 -0.009717 0.999953
-84184713753416448.000000 934897666725.469971 10243582900541.871094 0.761858 -0.628650 0.156114
1012283473211.310059 1466493477410532.250000 -84184717363819968.000000 0.867649 0.088934 -0.489159
6690670593037823.000000 47340869666973864.000000 1010047459216.180054 0.000000 -1.000000 0.000000
924548313542.109985 10238172354747.880859 6690670590574595.000000 -0.000609 0.000594 1.000000
1466492190438342.000000 -84184724835950080.000000 920078916554.270020 0.129108 -0.795567 0.591950
47340869668491864.000000 1005968353282.709961 745916032679697.750000 1.000000 -0.000000 0.000000
10234222502834.599609 6690670591687595.000000 47340869665860864.000000 0.000011 -0.011055 0.999939
-84184732178826144.000000 909084913276.510010 10229967854210.980469 0.757679 -0.630429 0.168764
1001202457581.589966 1466496140290252.500000 -84184736089877376.000000 0.833425 0.269303 -0.482575
6690670593205595.000000 47340869666973864.000000 999009393259.430054 0.000000 -1.000000 0.000000
898563761401.310059 10224986805146.570312 6690670590574595.000000 -0.002499 0.004560 0.999986
1466494166123295.500000 -84184743562007488.000000 893621918010.910034 0.468461 -0.715111 0.518806
47340869668491864.000000 994629639615.119995 1466493948743930.000000 1.000000 -0.000000 -0.000000
10220650406176.621094 6690670591687595.000000 47340869665860856.000000 0.000007 -0.011227 0.999937
-84184751076682240.000000 883272159827.550049 10217813096760.740234 -0.715700 0.647135 -0.262660
990293240643.800049 745920028112278.625000 -84184754687085776.000000 -0.011352 0.999933 -0.002266
6690670593205595.000000 47340869666973856.000000 988100176321.640015 0.000000 -1.000000 0.000000
872879856971.229980 10212016003910.099609 6690670590574595.000000 -0.004423 0.007955 0.999959
745918483442050.625000 -84184762159215872.000000 867422617505.310059 0.952977 -0.243071 0.180975
47340869668491856.000000 983419774966.469971 1466492746153083.750000 1.000000 -0.000000 -0.000000
10206047517367.580078 6690670591687595.000000 47340869665860856.000000 0.000010 -0.010792 0.999942
-84184769802739648.000000 856729261938.270020 10202737761549.121094 -0.693523 0.652957 -0.304423
978825677957.270020 1466493692158887.500000 -84184773413143184.000000 0.851746 -0.101106 -0.514107
6690670593205595.000000 47340869666973856.000000 976503764616.180054 0.000000 -1.000000 0.000000
846165160390.109985 10197327215755.109375 6690670590406823.000000 0.001067 -0.002478 0.999996
1466495325764458.250000 -84184782689159552.000000 838775185640.989990 0.339010 -0.769393 0.541393
47340869668491856.000000 971093218820.250000 1466493691045885.500000 1.000000 -0.000000 -0.000000
10190800383463.910156 6690670591519823.000000 47340869665860856.000000 0.000015 -0.010738 0.999942
-84184792136569600.000000 825290101331.550049 10186717533531.910156 0.731828 -0.640931 0.231595
965210631621.540039 1466494465252996.750000 -84184795875822144.000000 0.772822 0.410859 -0.483675
6690670593037823.000000 47340869666973848.000000 962845768607.459961 -0.000000 -1.000000 0.000000
814339452726.750000 10179932598203.130859 6690670590574595.000000 -0.000656 0.000573 1.000000
1466494595620014.500000 -84184803390901920.000000 809182860971.550049 0.339010 -0.769393 0.541393
47340869668491848.000000 958423065290.160034 745918910307772.375000 1.000000 -0.000000 0.000000
10175080803157.609375 6690670548737922.000000 47340869665860848.000000 0.000011 -0.010470 0.999945
-84184810733777984.000000 798833102788.190063 10172801839490.230469 0.748445 -0.632854 0.198307
954043716645.859985 1466494379353648.000000 -84184814344181520.000000 0.772822 0.410859 -0.483675
6690670550255922.000000 47340869666973848.000000 951635903958.790039 0.000000 -1.000000 0.000000
787796554837.469971 10166618199582.890625 6690670547624922.000000 0.000108 -0.000812 1.000000
1466493006482111.750000 -84184821988110304.000000 782253416025.630005 0.798581 0.499665 -0.335563
47340869668491848.000000 946740754238.719971 1466493046800783.750000 1.000000 -0.000000 -0.000000
10159490071870.410156 6690670548737922.000000 47340869665860848.000000 0.000008 -0.010358 0.999946
-84184829459835392.000000 771130563728.989990 10155750819322.330078 0.746905 -0.633588 0.201743
942103707556.530029 1466493692158876.500000 -84184833199087952.000000 0.772822 0.410859 -0.483675
6690670550255922.000000 47340869666973832.000000 939524096177.570068 -0.000000 -1.000000 0.000000
760008116432.349976 10147763293150.640625 6690670547624922.000000 -0.000700 0.000663 1.000000
745920201428953.875000 -84184840585318688.000000 754722675658.270020 0.952977 -0.243071 0.180975
47340869668491832.000000 934886644495.380005 745918953257437.500000 1.000000 -0.000000 0.000000
10141880705954.041016 6690670548737922.000000 47340869665860832.000000 0.000003 -0.011733 0.999931
-84184848185892800.000000 743213276304.989990 10136767063871.189453 0.755464 -0.627351 0.188955
929863050756.369995 1466495281296771.500000 -84184851968095024.000000 0.358987 -0.903498 -0.234135
6690670550088150.000000 47340869666973832.000000 927498187742.280029 -0.000000 -1.000000 0.000000
731919030316.510010 10129123135083.169922 6690670547457150.000000 -0.000693 0.001071 0.999999
1466495970009537.250000 -84184859440225120.000000 726075243793.950073 -0.525195 -0.712173 0.465810
47340869668491832.000000 922388289657.330078 1466493218599466.500000 1.000000 -0.000000 -0.000000
10120405869471.109375 6690670548737922.000000 47340869665860832.000000 0.000001 -0.011578 0.999933
-84184866783101216.000000 714694693459.550049 10115893522809.740234 0.776829 -0.613977 0.139891
917493544937.280029 1466494078705923.750000 -84184870393504736.000000 0.308828 -0.929506 -0.201605
6690670550255922.000000 47340869666973832.000000 915042782577.229980 -0.000000 -1.000000 0.000000
703271598452.190063 10108979738462.029297 6690670547798591.000000 -0.000778 0.001171 0.999999
2209584754564911.750000 -84184876233547264.000000 700477238709.790039 0.999318 -0.035027 0.011706
47340869668491824.000000 914056053098.440063 2209584279487509.250000 1.000000 0.000001 -0.000020
10118816731569.720703 6690670548905693.000000 47340869665860824.000000 0.000001 -0.011578 0.999933
-84184881944335744.000000 699662307923.550049 10124569356746.300781 0.765859 -0.610256 0.202603
908731811648.690063 1542483818382551.750000 -84184883707903344.000000 0.801763 -0.000008 -0.597642
6690670550440732.000000 47340869666973824.000000 911606808738.200073 -0.000000 -1.000000 0.000000
697988788678.109985 10127405148161.541016 6690670547808420.000000 -0.000778 0.001171 0.999999
1517152446386126.750000 -84184885510676608.000000 693261693652.510010 0.007709 0.639647 0.768630
47340869668491824.000000 911607921738.060059 2232097080713936.000000 1.000000 -0.000000 0.000000
10095108512094.169922 6690670548749717.000000 47340869665860824.000000 0.000007 -0.011141 0.999938
-84184887484843552.000000 691458920388.190063 10120016691411.740234 0.765859 -0.610256 0.202603
904866341080.229980 1491824378478519.500000 -84184889291360832.000000 0.937044 0.013131 0.348964
6690670550428934.000000 47340869666973824.000000 903661119236.690063 -0.000000 -1.000000 0.000000
682526906412.510010 10102666136534.910156 6690670547803832.000000 -0.000838 0.000453 1.000000
2232099703274983.000000 -84184891222983104.000000 679603697651.229980 -0.001939 -0.856771 0.515693
47340869668491824.000000 904735974060.989990 2234912388826786.000000 1.000000 -0.000000 0.000000
10115509606750.121094 6690670548916178.000000 47340869665860824.000000 0.000001 -0.011578 0.999933
-84184894829237632.000000 677672075368.030029 10111383807145.390625 0.765859 -0.610256 0.202603
904093246966.040039 2234915009869838.500000 -84184896635754912.000000 -0.803332 -0.000206 0.595531
6690670507484504.000000 47340869666973824.000000 903317521852.290039 -0.000000 -1.000000 0.000000
677673593368.030029 10121349244272.201172 6690670504848263.000000 -0.000838 0.000453 1.000000
2237726926476528.000000 -84184900371263456.000000 674192038858.270020 -0.000962 -0.852397 0.522895
47340869668491824.000000 902932087795.330078 2232099829493004.000000 1.000000 -0.000000 0.000000
10117657090397.050781 6690670505961918.000000 47340869665860824.000000 0.000001 -0.011578 0.999933
-84184902302480736.000000 670456530310.750000 10122293024076.640625 0.765859 -0.610256 0.202603
900013028032.390015 2212396195689201.250000 -84184906084682960.000000 0.809344 0.000804 -0.587335
6690670507479263.000000 47340869666973824.000000 890518519303.959961 -0.000000 -1.000000 0.000000
662340560121.310059 10118901112912.000000 6690670504848261.000000 -0.000838 0.000453 1.000000
1466494080223912.750000 -84184911752926784.000000 644342016151.070068 -0.525195 -0.712173 0.465810
47340869668491824.000000 889145242768.369995 2209579125526743.000000 1.000000 0.000001 -0.000020
10062337911621.220703 6690670505794144.000000 47340869665860824.000000 0.000009 -0.009453 0.999955
-84184915488030336.000000 641465501062.750000 10082049180510.019531 0.818422 -0.565849 0.100002
888115968616.440063 2209579298438438.250000 -84184919270232560.000000 0.803557 0.001138 -0.595227
6690670507479918.000000 47340869666973824.000000 887512042194.609985 -0.000000 -1.000000 0.000000
629441110633.950073 10051899623090.701172 6690670504687044.000000 -0.000973 0.000743 0.999999
2234912735055160.750000 -84184922833942400.000000 636009779596.829956 0.001038 0.852628 -0.522517
47340869668491816.000000 880426459152.959961 2187072251355182.500000 1.000000 -0.000000 -0.000000
10048679915618.160156 6690670505956021.000000 47340869665860816.000000 0.000006 -0.009055 0.999959
-84184928415881888.000000 617628432569.950073 10043394474843.429688 0.788268 -0.599390 0.139162
875231066722.010010 1466493821007869.250000 -84184932283983472.000000 0.465034 -0.825942 -0.318689
6690670507306249.000000 47340869666973816.000000 872608505670.050049 0.000024 1.000000 -0.000000
605561092468.190063 10034805653250.201172 6690670504675249.000000 -0.000835 0.000934 0.999999
1466495068066383.000000 -84184939799063232.000000 599889104637.469971 -0.525195 -0.712173 0.465810
47340869668491816.000000 867283859220.180054 1466490555719721.000000 1.000000 -0.000000 -0.000000
10022179967398.400391 6690670505620475.000000 47340869665860816.000000 0.000000 0.003659 0.999993
-84184949074674592.000000 584385385698.910034 10017409922699.240234 0.787270 -0.598548 0.148142
860714077253.810059 1466493477410479.500000 -84184952685078128.000000 0.465034 -0.825942 -0.318689
6690670507138477.000000 47340869666973816.000000 857962667182.920044 -0.000000 -1.000000 0.000000
572318045597.150024 10008305705030.490234 6690670504675249.000000 -0.000639 0.000146 1.000000
1466492405186653.500000 -84184960329006912.000000 566259510709.790039 -0.525195 -0.712173 0.465810
47340869668491816.000000 852552121387.060059 745915817931278.250000 1.000000 -0.000000 0.000000
9998944194323.960938 6690670505620475.000000 47340869665860800.000000 -0.000001 0.003823 0.999993
-84184967800732000.000000 553719319205.469971 9993229256819.640625 0.787714 -0.596757 0.152930
847099030918.250000 1466494637051643.500000 -84184971582934224.000000 0.465034 -0.825942 -0.318689
6690670507474020.000000 47340869666973800.000000 843059130657.880005 -0.000000 -1.000000 0.000000
544658456210.910034 9996494544963.759766 6690670504854161.000000 -0.000639 0.000146 1.000000
2232097555791310.500000 -84184977122329024.000000 538556971650.590027 -0.001939 -0.856771 0.515693
47340869668491800.000000 843876287444.310059 2260245952774505.500000 1.000000 0.000001 -0.000000
10002852614561.820312 6690670505972402.000000 47340869665860800.000000 -0.000001 0.003823 0.999993
-84184978924697312.000000 539760675493.470032 9995677388177.050781 0.787714 -0.596757 0.152930
844350251846.930054 2260245953887507.500000 -84184980731214560.000000 0.804181 -0.000026 -0.594384
6690670507490402.000000 47340869666973800.000000 845550211690.330078 -0.000000 -1.000000 0.000000
537271112461.790039 9995506702484.970703 6690670461911040.000000 -0.000714 0.000277 1.000000
2260245397059759.000000 -84184982533987840.000000 541391650065.950012 0.000067 -0.866848 0.498572
47340869668491800.000000 844778230576.570068 2254615078850762.500000 1.000000 -0.000000 -0.000000
10011614347845.250000 6690670463012244.000000 47340869665860800.000000 -0.000001 0.003823 0.999993
-84184984465205120.000000 536324701656.669983 10011912364555.740234 0.787810 -0.600246 0.138055
842975862311.180054 2209578954841038.750000 -84184986400571392.000000 0.803557 0.001138 -0.595227
6690670464530245.000000 47340869666973800.000000 841083445700.000000 -0.000000 -1.000000 0.000000
518673904070.109985 9962263655611.880859 6690670461737371.000000 -0.000589 0.000256 1.000000
2234912606206124.250000 -84184990136079936.000000 531384376266.270020 -0.001512 -0.857085 0.515172
47340869668491800.000000 831893328682.359985 1517152314906076.250000 1.000000 0.000001 -0.000000
9979230294431.390625 6690670463017487.000000 47340869665860800.000000 -0.000001 0.004017 0.999992
-84184992110246912.000000 517255046862.429993 9976736582399.380859 0.782732 -0.603681 0.151331
833655783274.310059 2285577241502580.000000 -84184994045613184.000000 0.801167 0.000019 -0.598441
6690670464546628.000000 47340869666973800.000000 835371139193.450073 -0.000000 -1.000000 0.000000
523570166787.549988 10001261958660.349609 6690670461914317.000000 -0.000714 0.000277 1.000000
2237726926476502.500000 -84184995848386432.000000 521763649523.229980 -0.001254 -0.853763 0.520661
47340869668491800.000000 836961390093.500000 2232099743593632.250000 1.000000 -0.000000 0.000000
10011013052422.140625 6690670463012245.000000 47340869665860800.000000 -0.000001 0.003823 0.999993
-84184997650754720.000000 518586486724.190002 10010323226654.509766 0.783805 -0.605260 0.138958
835975065614.709961 2209581402972397.750000 -84184999586120992.000000 0.803557 0.001138 -0.595227
6690670464553837.000000 47340869666973800.000000 831720416989.729980 -0.000000 -1.000000 0.000000
514980232195.549988 10005556925955.570312 6690670461921526.000000 -0.000714 0.000277 1.000000
2305280706138698.500000 -84185001388894272.000000 518499474378.270020 -0.000083 -0.864279 0.503012
47340869668491800.000000 836016497287.550049 2299651461671526.000000 1.000000 0.000001 0.000000
9946073146903.759766 6690670462838575.000000 47340869665860800.000000 -0.000000 -0.000000 1.000000
-84185005123997792.000000 491742941124.190002 9944352528984.839844 -0.772541 0.610941 -0.173007
819482391190.339966 1491822402793527.000000 -84185008734401328.000000 0.937118 0.004183 0.348988
6690670464529588.000000 47340869666973800.000000 818277169346.820068 -0.000062 -1.000000 0.000000
481135889903.070007 9932027085844.210938 6690670461737370.000000 0.000004 -0.000004 1.000000
2234915011387798.750000 -84185012512859552.000000 486072471293.470032 -0.001512 -0.857085 0.515172
47340869668491792.000000 815057056873.130005 1542483989068203.500000 1.000000 0.000001 -0.000000
9931556157441.380859 6690670463023385.000000 47340869665860792.000000 -0.000000 -0.000000 1.000000
-84185014444076832.000000 484355597375.070007 9954445702129.820312 -0.772541 0.610941 -0.173007
813727135010.640015 1593150344982580.500000 -84185016379443120.000000 0.801763 -0.000008 -0.597642
6690670464553181.000000 47340869666973792.000000 816086736024.469971 -0.000183 -1.000000 0.000000
479976248733.150024 9947360119090.951172 6690670461920871.000000 0.000006 -0.000005 1.000000
2302466514717326.000000 -84185016378330112.000000 482765346475.549988 -0.000083 -0.864279 0.503012
47340869668491792.000000 812394177148.180054 1542483516621800.000000 1.000000 0.000001 -0.000000
9948607177606.599609 6690670463023385.000000 47340869665860792.000000 -0.000000 -0.000000 1.000000
-84185018180698400.000000 480661925500.510010 9959299015173.990234 -0.772541 0.610941 -0.173007
811236053977.609985 1491823863082404.250000 -84185020116064672.000000 0.937118 0.004183 0.348988
6690670464529588.000000 47340869666973792.000000 810245580498.959961 -0.000183 -1.000000 0.000000
463225876278.750000 9921719164332.009766 6690670461893348.000000 0.000002 -0.000004 1.000000
1491817980495205.500000 -84185025698409152.000000 459572523077.150024 0.007351 0.618612 0.785662
47340869668491792.000000 804620286338.369995 1466491414713152.000000 1.000000 -0.000000 -0.000000
9906172900719.259766 6690670462844473.000000 47340869665860792.000000 0.000000 -0.000000 1.000000
-84185029433512704.000000 448664419145.309998 9904924729203.130859 0.768930 -0.608139 0.197266
803891659897.440063 2234914709222081.000000 -84185031368878976.000000 -0.803332 -0.000206 0.595531
6690670464534831.000000 47340869666973792.000000 800968451134.790039 0.000244 1.000000 -0.000000
449825578315.229980 9918154341475.029297 6690670461904487.000000 0.000002 -0.000004 1.000000
2232098887231152.250000 -84185033171652256.000000 443122798333.470032 -0.001939 -0.856771 0.515693
47340869668491792.000000 801742658248.239990 2209580328117549.500000 1.000000 0.000001 -0.000020
9902092681786.980469 6690670462838575.000000 47340869665860792.000000 -0.000000 -0.000000 1.000000
-84185038581793056.000000 433374335571.549988 9893671914886.060547 0.787807 -0.592314 0.168890
794399782168.359985 1466491673524186.500000 -84185042449894608.000000 0.686236 0.518677 -0.509954
6690670464524347.000000 47340869666973792.000000 791476573405.550049 0.000000 -1.000000 0.000000
421221096123.869995 9886629281519.400391 6690670461725576.000000 -0.000345 0.000602 1.000000
2187066584629312.750000 -84185050093823392.000000 413702272355.869995 -0.000015 -0.861111 0.508417
47340869668491792.000000 785851279244.790039 1466493218599409.250000 1.000000 -0.000000 -0.000000
9875335035529.570312 6690670462838576.000000 47340869665860784.000000 -0.000000 -0.000000 1.000000
-84185057436699456.000000 410396260537.950012 9893285367827.220703 0.790645 -0.590081 0.163356
782545672424.959961 2212397226481294.750000 -84185059415015424.000000 0.809344 0.000804 -0.587335
6690670464529590.000000 47340869666973784.000000 781168651889.510010 -0.000000 -1.000000 0.000000
405716264185.309998 9894703820034.490234 6690670461898588.000000 -0.000603 0.000411 1.000000
2260244752814633.500000 -84185063021674944.000000 403437300518.429993 0.000067 -0.866848 0.498572
47340869668491784.000000 786066027608.920044 2254616281441581.000000 1.000000 -0.000000 -0.000000
9869665678697.490234 6690670463029938.000000 47340869665860784.000000 -0.000000 -0.000000 1.000000
-84185064824043232.000000 401333879543.390015 9896506593298.410156 0.790645 -0.590081 0.163356
783963011632.839966 2279948300314098.000000 -84185064826674224.000000 0.801167 0.000019 -0.598441
6690670464545317.000000 47340869666973784.000000 781168651889.089966 -0.000000 -1.000000 0.000000
399187913895.390015 9897667347468.140625 6690670461910385.000000 -0.000936 0.000117 1.000000
2257430819091321.500000 -84185066629447488.000000 403179602480.669983 -0.000454 -0.867465 0.497497
47340869668491784.000000 775758106093.660034 1567816006827707.000000 1.000000 0.000001 -0.000000
9875206186509.041016 6690670463029283.000000 47340869665860784.000000 -0.000000 -0.000000 1.000000
-84185068560664768.000000 398542150800.989990 9904795880179.500000 0.790645 -0.590081 0.163356
782932219481.070068 2277135268533911.500000 -84185068563295760.000000 0.801167 0.000019 -0.598441
6690670464536142.000000 47340869666973784.000000 781812896983.469971 -0.000000 -1.000000 0.000000
399531511279.070007 9918068442124.339844 6690670461903832.000000 -0.000603 0.000411 1.000000
2212394307421538.500000 -84185072427653344.000000 396694201863.710022 -0.002147 -0.876326 0.481714
47340869668491784.000000 780310771428.940063 2237727482191231.500000 1.000000 -0.000000 -0.000000
9920131544426.009766 6690670420067814.000000 47340869665860784.000000 -0.000000 -0.000000 1.000000
-84185074230021600.000000 390596461303.390015 9913686462481.529297 0.796110 -0.580436 0.171180
779968692044.969971 2234914150876333.750000 -84185076208337552.000000 -0.803332 -0.000206 0.595531
6690670421585158.000000 47340869666973784.000000 779235916604.180054 -0.000000 -1.000000 0.000000
387978049252.830017 9922406359092.230469 6690670418949571.000000 -0.000603 0.000411 1.000000
2209581490389722.250000 -84185079943846112.000000 380716923522.590027 0.999318 -0.035027 0.011706
47340869668491784.000000 775929904784.560059 2260244578384951.500000 1.000000 0.000001 -0.000000
9918370607833.621094 6690670420073056.000000 47340869665860784.000000 -0.000000 -0.000000 1.000000
-84185081746214368.000000 361863130093.150024 9846083677239.189453 0.799232 -0.578486 0.163040
767384437861.690063 2260244837195977.500000 -84185083681580656.000000 0.804181 -0.000026 -0.594384
6690670421591056.000000 47340869666973784.000000 769056844107.839966 -0.000000 -1.000000 0.000000
363496735665.630005 9860988326756.589844 6690670418955469.000000 -0.000700 0.000279 1.000000
2234913078652498.250000 -84185085484353920.000000 367531373923.869995 -0.001512 -0.857085 0.515172
47340869668491784.000000 767082272150.560059 2237728126436316.500000 1.000000 -0.000000 -0.000000
9879329355110.900391 6690670420067814.000000 47340869665860784.000000 -0.000000 -0.000000 1.000000
-84185087415571200.000000 363752915703.390015 9880271616915.810547 0.802585 -0.576608 0.152906
767384437861.270020 2209582004267788.000000 -84185089222088464.000000 0.806466 0.000754 -0.591280
6690670421580572.000000 47340869666973784.000000 767639504898.989990 -0.000000 -1.000000 0.000000
361692849401.309998 9890451802407.220703 6690670418949572.000000 -0.001042 0.000413 0.999999
2209580631396255.000000 -84185092828748000.000000 358168345218.590027 0.999975 0.006950 -0.001545
47340869668491784.000000 761885361719.450073 2212395335582684.500000 1.000000 -0.000000 -0.000000
9881691587122.589844 6690670420061917.000000 47340869665860784.000000 -0.000000 -0.000000 1.000000
-84185098539536480.000000 347818587035.229980 9877823485555.550781 0.800011 -0.579585 0.155124
759095150975.410034 2187064993973412.000000 -84185102278789040.000000 0.803549 0.000019 -0.595239
6690670421604164.000000 47340869666973776.000000 753981508890.810059 0.000011 -1.000000 0.000000
336524341046.750000 9855619617633.970703 6690670418971853.000000 -0.000700 0.000279 1.000000
2305281565132123.500000 -84185104210411328.000000 341117325053.470032 -0.000083 -0.864279 0.503012
47340869668491776.000000 757719243439.950073 2299650946275415.500000 1.000000 0.000001 0.000000
9817009379641.330078 6690670420074367.000000 47340869665860776.000000 -0.000000 -0.000000 1.000000
-84185106184578272.000000 331197063599.710022 9846126626909.230469 0.794381 -0.586256 0.158941
752953347739.170044 2254615724208818.000000 -84185106187209280.000000 0.802300 -0.000002 -0.596921
6690670421418697.000000 47340869666973776.000000 750631434398.200073 0.000003 -1.000000 0.000000
330511386832.350037 9852441341834.330078 6690670418954158.000000 -0.000698 0.000429 1.000000
1517152446386060.250000 -84185109750919136.000000 321575223856.669983 0.007709 0.639647 0.768630
47340869668491776.000000 751362691838.700073 2232097467260928.750000 1.000000 -0.000000 0.000000
9809879733928.990234 6690670419894799.000000 47340869665860776.000000 -0.000000 -0.000000 1.000000
-84185111725086080.000000 314231942780.510010 9821602363647.250000 0.789168 -0.589433 0.172575
745265356275.440063 2234913506631217.750000 -84185113531603360.000000 0.811161 -0.000739 -0.584823
6690670421585159.000000 47340869666973776.000000 745090926583.390015 0.000003 -1.000000 0.000000
313030869937.630005 9835562120359.250000 6690670418949571.000000 0.000000 -0.000000 1.000000
2209582607081199.750000 -84185117267111904.000000 310494208232.989990 0.999975 0.006950 -0.001545
47340869668491776.000000 744104197104.609985 2234912646524761.750000 1.000000 -0.000000 -0.000000
9845098465756.470703 6690670420067159.000000 47340869665860776.000000 -0.000000 -0.000000 1.000000
-84185120873366432.000000 308734384641.630005 9846599073309.650391 0.793324 -0.587572 0.159361
741485785052.489990 2212395422595023.000000 -84185124612618976.000000 0.802582 0.000970 -0.596541
6690670421579915.000000 47340869666973776.000000 731647678940.219971 -0.000007 -1.000000 0.000000
286960418450.910034 9788704027157.009766 6690670418948915.000000 0.000131 -0.000396 1.000000
2187068818012283.500000 -84185128519926208.000000 279914041085.470032 -0.000015 -0.861111 0.508417
47340869668491776.000000 727010227258.099976 1466490469820316.500000 1.000000 -0.000003 -0.000044
9774102656349.089844 6690670419888902.000000 47340869665860776.000000 -0.000000 -0.000000 1.000000
-84185135991651328.000000 266214208411.230011 9770664051511.679688 -0.777530 0.598000 -0.194533
721600086462.209961 1466490127335931.250000 -84185139773853536.000000 0.777663 0.230365 -0.584955
6690670421580572.000000 47340869666973760.000000 722757096632.500000 -0.000000 -1.000000 0.000000
261877809442.270020 9782991720650.890625 6690670418943674.000000 -0.000236 -0.000267 1.000000
2263059717330082.500000 -84185145313248352.000000 259298198064.670013 0.000067 -0.866848 0.498572
47340869668491760.000000 721297920750.940063 2257431718403425.500000 1.000000 -0.000000 -0.000000
9793816556236.960938 6690670420072401.000000 47340869665860760.000000 -0.000000 -0.000000 1.000000
-84185148919502880.000000 256593481668.190002 9790549750091.410156 -0.777530 0.598000 -0.194533
721041740712.800049 2232097640172607.750000 -84185148922133872.000000 0.810363 -0.000774 -0.585928
6690670421586469.000000 47340869666973760.000000 718891626063.729980 -0.000000 -1.000000 0.000000
256809748032.989990 9800085690488.630859 6690670418954159.000000 0.000007 -0.000384 1.000000
1517150599550108.250000 -84185152657642432.000000 251567256931.869995 0.007709 0.639647 0.768630
47340869668491760.000000 718677990698.670044 2232100216039985.000000 1.000000 -0.000000 0.000000
9746958463034.689453 6690670419906595.000000 47340869665860760.000000 -0.000000 -0.000000 1.000000
-84185154588859712.000000 249292037264.989990 9792826082757.621094 -0.777530 0.598000 -0.194533
718292961641.729980 2254616883849976.500000 -84185154591490704.000000 0.802300 -0.000002 -0.596921
6690670421406902.000000 47340869666973760.000000 707080465993.989990 -0.000000 -1.000000 0.000000
225671235136.989990 9738667658152.349609 6690670375832126.000000 -0.000295 -0.000285 1.000000
2209581748087717.250000 -84185160302684224.000000 222275579973.149994 0.999975 0.006950 -0.001545
47340869668491760.000000 700381430008.739990 1466489825575211.000000 1.000000 -0.000003 -0.000044
9723851538979.621094 6690670376939229.000000 47340869665860760.000000 -0.000000 -0.000000 1.000000
-84185169578295584.000000 205225672808.029999 9722603367463.230469 0.798328 -0.573922 0.182444
695014238885.820068 1466494465252889.000000 -84185173317548112.000000 0.777663 0.230365 -0.584955
6690670378474922.000000 47340869666973760.000000 693809017042.280029 -0.000000 -1.000000 0.000000
200502726782.429993 9723635272613.830078 6690670376010383.000000 -0.000210 -0.000209 1.000000
2254615167381041.500000 -84185175120321376.000000 198739159191.070007 -0.000207 -0.869030 0.494759
47340869668491760.000000 694153727425.959961 2209580156318814.500000 1.000000 0.000001 -0.000020
9733128668337.849609 6690670377107001.000000 47340869665860760.000000 0.000000 -0.000000 1.000000
-84185180659311200.000000 194316455876.190002 9729088768079.201172 0.798328 -0.573922 0.182444
693253302293.140015 2232100303052316.750000 -84185180661942192.000000 0.810363 -0.000774 -0.585928
6690670378625001.000000 47340869666973760.000000 686035126232.400024 -0.000000 -1.000000 0.000000
178383645208.029999 9702332234823.380859 6690670375832127.000000 0.000002 -0.000003 1.000000
2209579428805370.000000 -84185186373135680.000000 178595762572.830017 0.999975 0.006950 -0.001545
47340869668491752.000000 686551635307.869995 2232097424311225.000000 1.000000 -0.000000 0.000000
9724195136360.300781 6690670377107001.000000 47340869665860752.000000 -0.000000 -0.000000 1.000000
-84185192083924192.000000 177050687346.269989 9724965599473.371094 0.798180 -0.574856 0.180137
687025599710.349976 2232097124776518.250000 -84185192086555200.000000 0.810363 -0.000774 -0.585928
6690670378630898.000000 47340869666973752.000000 686206924923.630005 -0.000000 -1.000000 0.000000
176107312541.149994 9739569601279.800781 6690670375994001.000000 0.000001 -0.000002 1.000000
2263060017977784.500000 -84185197625950016.000000 175288637754.910004 0.000067 -0.866848 0.498572
47340869668491752.000000 685477893482.700073 2257430558762247.000000 1.000000 -0.000000 -0.000000
9754045159067.609375 6690670377122728.000000 47340869665860752.000000 -0.000000 -0.000000 1.000000
-84185199557167296.000000 173528814163.550018 9748544969928.269531 0.798328 -0.573922 0.182444
685092864425.750000 2232098585065402.250000 -84185199559798288.000000 0.810363 -0.000774 -0.585928
6690670378625001.000000 47340869666973752.000000 682856850430.579956 -0.000000 -1.000000 0.000000
171425798188.510010 9758252709017.099609 6690670375999242.000000 -0.000210 -0.000209 1.000000
2263059287833334.500000 -84185204970344096.000000 155016392117.790009 0.000067 -0.866848 0.498572
47340869668491752.000000 676587311175.520020 2257432276749158.500000 1.000000 -0.000000 -0.000000
9751210480651.160156 6690670377122728.000000 47340869665860752.000000 -0.000000 -0.000000 1.000000
-84185206772712352.000000 154845706425.950012 9719897538061.919922 0.798180 -0.574856 0.180137
672379761223.310059 2237728041649931.500000 -84185208708078640.000000 0.804326 0.000325 -0.594188
6690670378636141.000000 47340869666973752.000000 674138066815.450073 -0.000020 -1.000000 0.000000
144754051280.350006 9704522668141.160156 6690670375999899.000000 0.000002 -0.000003 1.000000
2209579042258314.250000 -84185210639700928.000000 142775735324.190002 0.999975 0.006950 -0.001545
47340869668491752.000000 670746155649.829956 2209581702507036.750000 1.000000 0.000001 -0.000020
9710580090028.230469 6690670377112899.000000 47340869665860752.000000 -0.000000 -0.000000 1.000000
-84185214417754144.000000 141015911732.830017 9718909695582.519531 0.811730 -0.562380 0.157554
659709607693.810059 1491819868762758.000000 -84185218285855712.000000 0.937119 -0.004225 0.348985
6690670378630242.000000 47340869666973752.000000 658504385850.270020 -0.000000 -1.000000 0.000000
115290575629.790009 9659940907605.500000 6690670375826229.000000 -0.000402 0.000277 1.000000
1466490773098999.750000 -84185223825250528.000000 108673694993.949997 0.995420 0.079585 -0.052967
47340869668491752.000000 652964991035.420044 1491823518371957.750000 1.000000 0.000001 0.000000
9674631213757.589844 6690670377112242.000000 47340869665860752.000000 -0.000000 -0.000000 1.000000
-84185229407190016.000000 109104304723.550003 9674714482103.269531 0.809181 -0.568235 0.149448
650518377675.359985 1491819052718969.750000 -84185231213707264.000000 0.937119 -0.004225 0.348985
6690670378630244.000000 47340869666973744.000000 649012508120.950073 -0.000000 -1.000000 0.000000
103865962622.430008 9674414947392.050781 6690670375999242.000000 -0.000914 -0.000034 1.000000
1517153348329154.000000 -84185234777417120.000000 99439515307.550003 0.007709 0.639647 0.768630
47340869668491744.000000 651977148556.369995 2232097682009251.500000 1.000000 -0.000000 0.000000
9644824140721.009766 6690670376962820.000000 47340869665860744.000000 -0.000000 -0.000000 1.000000
-84185236751584064.000000 92912278017.630005 9656374971747.679688 0.809181 -0.568235 0.149448
648800390755.729980 2279948300314041.000000 -84185236754215072.000000 0.800312 0.000017 -0.599584
6690670378645972.000000 47340869666973744.000000 644803440168.540039 -0.000000 -1.000000 0.000000
91968903212.509995 9662260189943.160156 6690670376011039.000000 -0.000914 -0.000034 1.000000
2257431334487342.000000 -84185238685837376.000000 96261239508.509995 -0.000446 -0.868031 0.496511
47340869668491744.000000 647596281912.040039 2288392763250727.000000 1.000000 0.000001 0.000000
9671882434686.291016 6690670377129937.000000 47340869665860744.000000 -0.000000 -0.000000 1.000000
-84185240617054656.000000 95618107414.110001 9683218517348.160156 0.809181 -0.568235 0.149448
652537012304.609985 2277133163999886.500000 -84185240619685648.000000 0.800312 0.000017 -0.599584
6690670378636796.000000 47340869666973744.000000 649012508120.209961 -0.000000 -1.000000 0.000000
95404877049.309998 9690735823116.201172 6690670376004487.000000 -0.000914 -0.000034 1.000000
2212396197207100.250000 -84185244398143872.000000 95445195722.270004 -0.002576 -0.871559 0.490284
47340869668491744.000000 646608439433.099976 2288392161955309.000000 1.000000 0.000001 0.000000
9687473165970.589844 6690670377129937.000000 47340869665860744.000000 -0.000000 -0.000000 1.000000
-84185246329361152.000000 91022492407.389999 9694557231009.259766 0.809181 -0.568235 0.149448
649616434541.630005 2277133078100541.000000 -84185246331992144.000000 0.800312 0.000017 -0.599584
6690670378636796.000000 47340869666973744.000000 648024665641.280029 -0.000000 -1.000000 0.000000
91324658118.110001 9703878423041.679688 6690670376004487.000000 -0.000914 -0.000034 1.000000
2187065596786792.750000 -84185249938651680.000000 85352022576.669998 0.000166 -0.854645 0.519213
47340869668491744.000000 647424483219.290039 2209579125526658.250000 1.000000 0.000001 -0.000020
9681073664698.300781 6690670334163225.000000 47340869665860744.000000 -0.000000 -0.000000 1.000000
-84185253673755232.000000 74358019298.910004 9683605064402.779297 0.809181 -0.568235 0.149448
642744486864.300049 2209582390814799.750000 -84185255609121504.000000 0.806466 0.000754 -0.591280
6690670335687123.000000 47340869666973744.000000 641882862404.589966 -0.000000 -1.000000 0.000000
76163423563.229996 9697607770788.019531 6690670333054814.000000 -0.000914 -0.000034 1.000000
2187066627578942.500000 -84185259215781024.000000 65809921379.870003 0.000166 -0.854645 0.519213
47340869668491744.000000 639349944698.560059 2234914879907720.750000 1.000000 -0.000000 -0.000000
9696234899252.759766 6690670334167812.000000 47340869665860744.000000 -0.000000 -0.000000 1.000000
-84185262822035552.000000 63148154656.349998 9680770385986.320312 0.815300 -0.550657 0.179062
635056495400.390015 2187064908074019.250000 -84185264757401840.000000 0.803549 0.000019 -0.595239
6690670335675328.000000 47340869666973744.000000 631360192523.900024 -0.000000 -1.000000 0.000000
54387939372.510002 9679268260431.880859 6690670333049569.000000 -0.000914 -0.000034 1.000000
1517154465020644.250000 -84185270468595360.000000 35573351616.029999 0.007709 0.639647 0.768630
47340869668491744.000000 627796482666.489990 2232097295462190.250000 1.000000 -0.000000 0.000000
9616563255907.371094 6690670333995454.000000 47340869665860744.000000 -0.000000 -0.000000 1.000000
-84185272399812640.000000 26297335256.670002 9615658681774.910156 0.814957 -0.551571 0.177805
617747777188.979980 1466490900430008.000000 -84185276139065184.000000 0.777663 0.230365 -0.584955
6690670335507556.000000 47340869666973728.000000 615468813520.800049 -0.000000 -1.000000 0.000000
13199203003.870001 9607928853640.800781 6690670332882454.000000 -0.000744 0.000107 1.000000
2209583895571335.000000 -84185281721409664.000000 10318943915.550001 0.999975 0.006950 -0.001545
47340869668491728.000000 611475606933.349976 1466491371763409.750000 1.000000 -0.000003 -0.000044
9609777207577.380859 6690670333989557.000000 47340869665860728.000000 -0.000000 -0.000000 1.000000
-84185289064285728.000000 1042927556.190000 9611449613822.390625 0.814957 -0.551571 0.177805
2445514060669.149902 1466493949857296.250000 -84189432207118832.000000 0.934630 0.026724 -0.354616
6690661187064686.000000 47340869666972768.000000 2444308838825.629883 -0.000000 -1.000000 0.000000
4289397491920.350098 11792091522774.710938 6690661184601458.000000 -0.000339 -0.000382 1.000000
1466499448933434.500000 -84189439421550880.000000 4285400541335.070312 -0.254893 -0.638514 0.726175
47340869668490768.000000 2441217575370.770020 1466497427667805.500000 1.000000 -0.000000 -0.000000
11789730808761.210938 6690661185709216.000000 47340869665859768.000000 -0.000000 -0.000000 1.000000
-84189447022124992.000000 4276038625629.790039 11790200624163.179688 0.695161 -0.660988 -0.282570
2437396572475.200195 1466492747266452.250000 -84189452737062512.000000 0.934630 0.026724 -0.354616
6690661187227215.000000 47340869666972760.000000 2436191350631.689941 -0.000000 -1.000000 0.000000
4269511793339.870117 11781998349627.150391 6690661184596215.000000 -0.000339 -0.000382 1.000000
1466498589939972.500000 -84189465620851392.000000 4261950019898.910156 -0.254893 -0.638514 0.726175
47340869668490760.000000 2431553898949.470215 1466490212122745.250000 1.000000 -0.000000 -0.000000
11778563893789.140625 6690661185709216.000000 47340869665859760.000000 -0.000000 -0.000000 1.000000
-84189477000996736.000000 4251686161061.470215 11777143923580.929688 0.695161 -0.660988 -0.282570
2427217499978.149902 1491823433586106.000000 -84189480783198944.000000 0.937104 -0.005867 0.349000
6690661187064686.000000 47340869666972760.000000 2425969328461.540039 -0.000000 -1.000000 0.000000
4245889473211.870117 11777102086907.419922 6690661184596216.000000 -0.000339 -0.000382 1.000000
1466496871953053.500000 -84189486322593760.000000 4242794465758.750000 -0.254893 -0.638514 0.726175
47340869668490760.000000 2423522310101.520020 1466494206442329.000000 1.000000 -0.000000 -0.000000
11770059858541.451172 6690661185709216.000000 47340869665859760.000000 -0.000000 -0.000000 1.000000
-84189493665469824.000000 4237426869638.750000 11769412982446.710938 0.695161 -0.660988 -0.282570
2420817998703.589844 1466497815327856.750000 -84189497404722384.000000 0.934630 0.026724 -0.354616
6690661187227216.000000 47340869666972752.000000 2419312129149.149902 -0.000000 -1.000000 0.000000
4229697446505.950195 11768683951005.650391 6690661184428444.000000 -0.000339 -0.000382 1.000000
1466497988644548.500000 -84189505048651168.000000 4225872294612.510254 -0.254893 -0.638514 0.726175
47340869668490752.000000 2416478563732.260254 1466493605146905.750000 1.000000 -0.000000 -0.000000
11764347552036.060547 6690661142759545.000000 47340869665859752.000000 -0.000000 -0.000000 1.000000
-84189512520376256.000000 4218228365825.629883 11767609096180.550781 0.695161 -0.660988 -0.282570
2412958208547.490234 1466496312089302.500000 -84189516302578480.000000 0.934739 0.060507 -0.350144
6690661144277543.000000 47340869666972752.000000 2411581188012.010254 -0.000000 -1.000000 0.000000
4213118872743.390137 11761124808563.050781 6690661141646543.000000 -0.000790 0.000642 0.999999
1466492362237388.750000 -84189523474060864.000000 4208692425428.510254 -0.254893 -0.638514 0.726175
47340869668490752.000000 2409048270306.010254 1466500562993924.250000 1.000000 -0.000000 -0.000000
11758935893241.390625 6690661142759543.000000 47340869665859752.000000 -0.000000 -0.000000 1.000000
-84189531117584672.000000 4201778641081.950195 11759448658316.509766 0.699120 -0.662422 -0.269125
2405656764140.240234 1466501036553326.750000 -84189535028635888.000000 0.937882 0.016932 -0.346542
6690661144277543.000000 47340869666972752.000000 2404322693277.760254 -0.000000 -1.000000 0.000000
4194349865659.870117 11758461928837.710938 6690661141478771.000000 -0.000611 -0.000227 1.000000
1491820729274704.000000 -84189542371916960.000000 4192972845125.149902 -0.010475 0.624291 0.781121
47340869668490736.000000 2402906467069.430176 1466494635939053.500000 1.000000 -0.000000 -0.000000
11751290851452.871094 6690661142759543.000000 47340869665859736.000000 -0.000000 -0.000000 1.000000
-84189549714793056.000000 4186445607835.229980 11749269585823.451172 0.699710 -0.662694 -0.266914
2399171363519.819824 1466495710793877.250000 -84189553454045600.000000 0.937882 0.016932 -0.346542
6690661144277543.000000 47340869666972736.000000 2397107148216.629883 -0.000000 -1.000000 0.000000
4177857191243.229980 11745619976621.000000 6690661141646543.000000 -0.000592 -0.000249 1.000000
1466497430298794.250000 -84189563073659328.000000 4174633334771.229980 -0.165223 -0.649611 0.742096
47340869668490736.000000 2394402431818.689941 1466497427667794.000000 1.000000 -0.000000 -0.000000
11741111778959.570312 6690661142759543.000000 47340869665859736.000000 -0.000000 0.000000 1.000000
-84189570416535424.000000 4168664443229.790039 11738918714638.300781 0.696818 -0.516742 -0.497416
2391741070093.729980 1466499447415422.000000 -84189574155787968.000000 0.938916 0.026817 -0.343099
6690661144277545.000000 47340869666972736.000000 2390278150212.290039 -0.000000 -1.000000 0.000000
4162094661266.910156 11736428746605.980469 6690661141646543.000000 0.000635 -0.002106 0.999998
745923508554142.125000 -84189581499069024.000000 4158699006103.070312 0.999996 -0.000916 -0.002522
47340869668490728.000000 2387573433814.370117 1466496139177603.000000 1.000000 -0.000000 -0.000000
11730717958101.701172 6690661142759543.000000 47340869665859728.000000 -0.000000 0.000000 1.000000
-84189591075328096.000000 4151055077316.189941 11728739642145.029297 0.703107 -0.653267 -0.280862
2384138977975.700195 1466495882592563.750000 -84189594685731632.000000 0.938691 0.012119 -0.344545
6690661101327871.000000 47340869666972728.000000 2382804907113.229980 0.000000 -1.000000 0.000000
4144785943064.030273 11724660536213.189453 6690661098696871.000000 0.000724 -0.002218 0.999997
1466496700154349.250000 -84189602200811392.000000 4141819784629.790039 -0.115825 -0.653721 0.747819
47340869668490728.000000 2380271989407.250000 1466500090547512.250000 1.000000 -0.000000 -0.000000
11720581835281.390625 6690661099809871.000000 47340869665859728.000000 -0.000000 0.000000 1.000000
-84189609543687488.000000 4135807943415.390137 11717658626519.800781 0.696264 -0.687162 -0.207423
2377653577355.290039 1466499232667051.750000 -84189613411789040.000000 0.935579 -0.058113 -0.348303
6690661101327872.000000 47340869666972728.000000 2375975909108.910156 -0.000000 -1.000000 0.000000
4129066362760.669922 11714395564374.169922 6690661098696871.000000 0.001576 -0.003744 0.999992
1466499448933416.250000 -84189620926868800.000000 4125670707596.830078 -0.115892 -0.655400 0.746338
47340869668490728.000000 2373185293364.959961 1466498243711573.250000 1.000000 -0.000000 -0.000000
11709758517693.701172 6690661099809871.000000 47340869665859720.000000 -0.000000 -0.000000 1.000000
-84189630202480160.000000 4115492748105.310059 11709584088001.339844 0.693800 -0.694487 -0.190602
2368891844066.560059 1466498846119994.000000 -84189635616769968.000000 0.936168 -0.032428 -0.350053
6690661101327871.000000 47340869666972720.000000 2367300075166.160156 -0.000000 -1.000000 0.000000
4107935123664.350098 11708468509503.640625 6690661098696872.000000 0.000450 -0.001913 0.999998
1466498847637993.750000 -84189643260698752.000000 4104668317519.390137 -0.115892 -0.655400 0.746338
47340869668490720.000000 2364423560076.240234 1466497470617458.250000 1.000000 -0.000000 -0.000000
11704475707917.730469 6690661099809872.000000 47340869665859720.000000 -0.000000 -0.000000 1.000000
-84189650732423840.000000 4098570576959.070312 11702153794577.580078 0.696976 -0.680278 -0.226815
2361805148024.300293 1466497815327841.000000 -84189654514626064.000000 0.935166 -0.018989 -0.353701
6690661101160098.000000 47340869666972720.000000 2360342228142.830078 -0.000000 -1.000000 0.000000
4091871945977.310059 11699534977526.359375 6690661098696871.000000 -0.001312 0.001875 0.999997
1466500608574582.500000 -84189661857907136.000000 4088905787543.070312 -0.168725 -0.661029 0.731144
47340869668490720.000000 2357680461417.899902 1466501293138349.500000 1.000000 -0.000000 -0.000000
11695713974632.279297 6690661099809872.000000 47340869665859720.000000 -0.000000 -0.000000 1.000000
-84189669458481248.000000 4082550348944.990234 11693048463908.460938 0.688411 -0.577739 -0.438529
2354890250673.970215 1466500564106908.250000 -84189673240683488.000000 0.930931 -0.066177 -0.359150
6690661101327871.000000 47340869666972704.000000 2353599129484.490234 -0.000000 -1.000000 0.000000
4076324164365.790039 11688711659938.871094 6690661098696872.000000 -0.000530 0.000003 1.000000
1466501725266077.250000 -84189680712813568.000000 4072842609856.030273 -0.168725 -0.661029 0.731144
47340869668490704.000000 2350765564067.609863 1466494077593290.000000 1.000000 -0.000000 -0.000000
11685406053120.291016 6690661056860199.000000 47340869665859704.000000 -0.000000 -0.000000 1.000000
-84189688055689664.000000 4066100624201.310059 11684930975717.390625 0.686713 -0.593995 -0.419040
2347975353323.660156 1466499447415409.250000 -84189691666093184.000000 0.930931 -0.066177 -0.359150
6690661058378200.000000 47340869666972704.000000 2346469483769.209961 -0.000000 -1.000000 0.000000
4059058395835.870117 11682612806376.859375 6690661055747199.000000 -0.000420 -0.000308 1.000000
1466495497563496.750000 -84189699310021952.000000 4055362092961.310059 -0.081555 -0.671458 0.736541
47340869668490704.000000 2343335270641.379883 1466501078389981.250000 1.000000 -0.000000 -0.000000
11681068136149.589844 6690661056860200.000000 47340869665859704.000000 -0.000000 -0.000000 1.000000
-84189706824696736.000000 4048362409268.830078 11679734065287.490234 0.695511 -0.632263 -0.341332
2340459160551.459961 1466503398785320.750000 -84189710563949280.000000 0.929849 -0.076719 -0.359853
6690661058378199.000000 47340869666972704.000000 2338996240670.010254 -0.000000 -1.000000 0.000000
4041491979595.229980 11677716543657.701172 6690661055753097.000000 -0.000659 -0.000121 1.000000
1489008169940901.750000 -84189716103344096.000000 4038826468871.709961 -0.010475 0.624291 0.781121
47340869668490696.000000 2336549222309.899902 1466500562993905.250000 1.000000 -0.000000 -0.000000
11678233457732.660156 6690661056860199.000000 47340869665859696.000000 -0.000000 -0.000000 1.000000
-84189723618018848.000000 4030022898914.910156 11677114135235.169922 0.659510 -0.536168 -0.526849
2332728219414.299805 1466499447415407.750000 -84189729290006688.000000 0.930231 -0.036306 -0.365173
6690661058378198.000000 47340869666972696.000000 2331308249205.839844 -0.000000 -1.000000 0.000000
4023109519568.350098 11674667116875.769531 6690661055747198.000000 -0.000570 -0.000325 1.000000
1466497086701394.250000 -84189736805086464.000000 4019198468328.990234 0.059356 -0.680629 0.730219
47340869668490696.000000 2328388784442.959961 1466496697523337.750000 1.000000 -0.000000 0.000000
11671662157767.900391 6690661056860198.000000 47340869665859696.000000 -0.000000 -0.000000 1.000000
-84189744147962528.000000 4013401375479.390137 11669554992792.560547 0.681004 -0.606377 -0.410537
2325856271736.959961 745921660200189.125000 -84189747758366064.000000 -0.007210 0.999973 -0.001373
6690661058378198.000000 47340869666972696.000000 2324522200874.510254 0.000000 -1.000000 0.000000
4006960442535.390137 11665518836533.669922 6690661055747199.000000 -0.000446 -0.000161 1.000000
1466501510517706.500000 -84189759267765408.000000 3999828165824.030273 0.020035 -0.686788 0.726582
47340869668490688.000000 2319970648538.200195 1466497986013524.250000 1.000000 -0.000000 0.000000
11662599776771.349609 6690661056860198.000000 47340869665859688.000000 -0.000000 -0.000000 1.000000
-84189766610641504.000000 3992356035728.990234 11662983692827.621094 0.696243 -0.671729 -0.253032
2316879790083.330078 1466497214032410.500000 -84189770349894048.000000 0.928835 0.008097 -0.370405
6690661015428526.000000 47340869666972688.000000 2315502769547.870117 0.000000 -1.000000 0.000000
3985614455074.270020 11660880271851.919922 6690661012797526.000000 -0.000095 -0.001736 0.999998
1466495025117089.000000 -84189777693175104.000000 3982433548275.229980 -0.187756 -0.687086 0.701898
47340869668490688.000000 2312583304784.979980 1466498587308944.250000 1.000000 -0.000000 0.000000
11658820205549.140625 6690661013910525.000000 47340869665859688.000000 -0.000000 -0.000000 1.000000
-84189785336698912.000000 3972599186167.390137 11658645775856.740234 0.693122 -0.673624 -0.256541
2308547553524.399902 745920371709998.250000 -84189790879837712.000000 -0.007210 0.999973 -0.001373
6690661015428525.000000 47340869666972688.000000 2306440388548.229980 -0.000000 -1.000000 0.000000
3963581272845.790039 11657057750956.349609 6690661012797525.000000 0.000135 -0.002771 0.999996
1466504903541869.250000 -84189800198803744.000000 3959799070625.310059 -0.149125 -0.695871 0.702513
47340869668490688.000000 2303435024439.339844 1466494335291320.750000 1.000000 -0.000000 0.000000
11655942577458.701172 6690661013910525.000000 47340869665859680.000000 -0.000000 -0.000000 1.000000
-84189807670528832.000000 3952455789549.149902 11655596349074.650391 0.698044 -0.715929 -0.013452
2300430065330.399902 1466501294251339.750000 -84189811452731072.000000 0.928094 0.002620 -0.372337
6690661015428525.000000 47340869666972680.000000 2298838296430.000000 -0.000000 -1.000000 0.000000
3945155863145.950195 11654266022212.189453 6690661012797526.000000 0.000161 -0.004387 0.999990
1466499234185037.750000 -84189818924861152.000000 3941545459617.310059 -0.030247 -0.703331 0.710219
47340869668490680.000000 2295918831667.080078 1466503397672314.500000 1.000000 -0.000000 0.000000
11653322647406.359375 6690661013910526.000000 47340869665859680.000000 -0.000000 -0.000000 1.000000
-84189826439535936.000000 3933901530830.430176 11653792462808.560547 0.696035 -0.717972 0.007170
2292870922885.189941 1466497214032408.000000 -84189830006989792.000000 0.926788 -0.002026 -0.375580
6690661015428526.000000 47340869666972680.000000 2291322103657.780273 0.000000 -1.000000 0.000000
3926129158024.669922 11653965374499.660156 6690661012634994.000000 -0.000206 -0.001329 0.999999
1466497215550408.000000 -84189837650918560.000000 3919039830986.270020 -0.056158 -0.701702 0.710254
47340869668490680.000000 2286684651975.459961 1466502796376892.500000 1.000000 -0.000000 -0.000000
11650960415391.429688 6690661013910526.000000 47340869665859680.000000 -0.000000 -0.000000 1.000000
-84189848902214880.000000 3911739499583.070312 11651086633409.939453 0.698854 -0.702835 -0.132764
2283550843847.629883 1466499232667036.750000 -84189852641467440.000000 0.926393 0.001578 -0.376555
6690661015428525.000000 47340869666972664.000000 2282130873639.160156 -0.000000 -1.000000 0.000000
3904783170563.550293 11649412709163.820312 6690661012797526.000000 -0.000152 -0.002536 0.999997
1466504860592194.250000 -84189859855899488.000000 3900829169651.229980 -0.071215 -0.694663 0.715802
47340869668490664.000000 2279168459203.240234 1466501550836376.000000 1.000000 -0.000000 -0.000000
11647953938282.470703 6690660970960852.000000 47340869665859664.000000 -0.000000 -0.000000 1.000000
-84189867499423264.000000 3893485888575.070312 11648337854338.740234 0.696417 -0.679583 -0.230587
2276034651075.399902 1466492618417400.250000 -84189871410474512.000000 0.926393 0.001578 -0.376555
6690660972478853.000000 47340869666972664.000000 2274442882174.959961 0.000000 -1.000000 0.000000
3886014163480.030273 11647737671916.580078 6690660969847850.000000 -0.000348 -0.001024 0.999999
1466495884110545.000000 -84189878753755584.000000 3882876206353.950195 -0.034184 -0.692253 0.720845
47340869668490664.000000 2271652266431.049805 1466500605943570.250000 1.000000 -0.000000 -0.000000
11644389115425.060547 6690660970960852.000000 47340869665859664.000000 -0.000000 -0.000000 1.000000
-84189886096631680.000000 3876134220699.229980 11643656339984.410156 0.602553 -0.522386 -0.603360
2268475508630.169922 1466499876912130.250000 -84189889835884224.000000 0.927183 0.011291 -0.374439
6690660972478853.000000 47340869666972656.000000 2266883739729.750000 0.000000 -1.000000 0.000000
3868361847893.470215 11643571553637.750000 6690660969847852.000000 -0.000051 -0.003906 0.999992
1466505590736633.000000 -84189897479812992.000000 3864321947635.229980 -0.066682 -0.685178 0.725317
47340869668490656.000000 2263964274966.859863 1466493347448839.750000 1.000000 -0.000000 -0.000000
11642370480794.169922 6690660970960853.000000 47340869665859656.000000 -0.000000 -0.000000 1.000000
-84189904951538112.000000 3857365213615.709961 11642110151756.050781 0.549832 -0.461253 -0.696369
2260916366184.979980 1466499447415399.750000 -84189908733740320.000000 0.928175 0.025150 -0.371292
6690660972478852.000000 47340869666972656.000000 2259496395976.510254 0.000000 -1.000000 0.000000
3849549891136.990234 11643142056906.349609 6690660969847853.000000 -0.000037 -0.004247 0.999991
1466493693677223.000000 -84189915905222720.000000 3846240135319.070312 0.002086 -0.695644 0.718383
47340869668490656.000000 2256448082194.640137 1466501550836374.500000 1.000000 -0.000000 0.000000
11641296738968.380859 6690660970960852.000000 47340869665859656.000000 -0.000000 -0.000000 1.000000
-84189923548746496.000000 3838553256859.229980 11641422956986.890625 0.655380 -0.592990 -0.467804
2253228374720.780273 1466503914181387.250000 -84189927459797728.000000 0.928175 0.025150 -0.371292
6690660972478854.000000 47340869666972656.000000 2251851354185.290039 0.000000 -1.000000 0.000000
3831468078820.830078 11639620183721.880859 6690660969847852.000000 0.000068 -0.003329 0.999994
1466490944898152.250000 -84189934803078816.000000 3828373071367.709961 -0.007041 -0.694653 0.719310
47340869668490648.000000 2248888939749.419922 1466502839326562.500000 1.000000 -0.000000 -0.000000
11638032563821.689453 6690660970960853.000000 47340869665859648.000000 -0.000000 0.000000 1.000000
-84189942145954880.000000 3816734822995.550293 11638717127588.310547 0.652041 -0.587744 -0.478957
2244423691759.069824 771243928383938.375000 -84189949793627664.000000 0.975692 0.004129 0.219106
6690660929534420.000000 47340869666972648.000000 2243819765337.330078 0.000000 -1.000000 0.000000
3812140725988.830078 11634938669367.359375 6690660926730405.000000 -0.000737 0.001306 0.999999
1466495068066755.750000 -84189955461871488.000000 3808229674749.470215 -0.020461 -0.690966 0.722598
47340869668490648.000000 2240599652863.479980 1466503913068386.000000 1.000000 -0.000000 -0.000000
11635455583442.150391 6690660928011180.000000 47340869665859648.000000 -0.000000 0.000000 1.000000
-84189962847697248.000000 3800800494327.390137 11634808707347.400391 0.643137 -0.563273 -0.518747
2237637643427.560059 1466502496842178.000000 -84189966586949792.000000 0.927677 0.058820 -0.368723
6690660929361408.000000 47340869666972648.000000 2236260622892.080078 -0.000000 -1.000000 0.000000
3793887114980.830078 11633650179176.810547 6690660926730408.000000 -0.001445 0.004497 0.999989
1466498632889611.250000 -84189973930230880.000000 3790577359162.910156 0.067592 -0.683113 0.727178
47340869668490648.000000 2233384107802.209961 1466497041120711.000000 1.000000 -0.000000 0.000000
11629313780207.201172 6690660928011179.000000 47340869665859640.000000 -0.000000 0.000000 1.000000
-84189981573754656.000000 3781687889860.189941 11629096400841.871094 0.562455 -0.424978 -0.709252
2229691953925.520020 1466502797489887.500000 -84189987116893472.000000 0.929211 0.040932 -0.367277
6690660929529180.000000 47340869666972640.000000 2227455939930.339844 -0.000000 -1.000000 0.000000
3772712926211.550293 11627680174633.320312 6690660926898180.000000 -0.001630 0.004837 0.999987
1466501038071295.750000 -84189996392909824.000000 3769145472355.870117 0.067554 -0.682610 0.727654
47340869668490640.000000 2224536475167.410156 1466497857164496.750000 1.000000 -0.000000 0.000000
11626221403752.009766 6690660928011179.000000 47340869665859640.000000 -0.000000 0.000000 1.000000
-84190005840319872.000000 3761072046839.390137 11622739849241.769531 0.670746 -0.634158 -0.384633
2220071227177.109863 1466498030076187.500000 -84190011555257392.000000 0.929837 0.018065 -0.367529
6690660929529179.000000 47340869666972640.000000 2218823055660.629883 0.000000 -1.000000 0.000000
3752354781228.510254 11619992183171.480469 6690660926898180.000000 -0.001151 0.003353 0.999994
1466501038071294.000000 -84190018898538464.000000 3748486679662.109863 -0.042498 -0.687407 0.725028
47340869668490640.000000 2215817691551.720215 745918266063013.875000 1.000000 0.000000 -0.000000
11618232764579.451172 6690660927843407.000000 47340869665859624.000000 -0.000000 0.000000 1.000000
-84190026241414528.000000 3742174190736.990234 11616984593063.279297 0.691230 -0.683363 -0.234982
2213027480807.810059 1466496183240248.750000 -84190029980667088.000000 0.929837 0.018065 -0.367529
6690660929529179.000000 47340869666972624.000000 2211478661580.359863 -0.000000 -1.000000 0.000000
3734659515968.990234 11616427360314.080078 6690660926898180.000000 -0.000847 0.001857 0.999998
1466503915699381.500000 -84190037624595872.000000 3730920263421.470215 -0.133922 -0.684368 0.716733
47340869668490624.000000 2207786102703.740234 1466501507886695.500000 1.000000 -0.000000 0.000000
11614152545646.339844 6690660885061507.000000 47340869665859624.000000 -0.000000 0.000000 1.000000
-84190046900207232.000000 3722116693464.669922 11613806317262.310547 0.675289 -0.651845 -0.345086
2204824093267.850098 1466500306408852.250000 -84190050682409456.000000 0.929326 0.017340 -0.368854
6690660886579507.000000 47340869666972624.000000 2203318223713.390137 -0.000000 -1.000000 0.000000
3715117414772.189941 11612948436802.439453 6690660883948507.000000 -0.000536 0.000347 1.000000
1466501510517694.750000 -84190058025690528.000000 3711292262878.750000 -0.107351 -0.686940 0.718742
47340869668490624.000000 2200226960258.540039 1466504213716091.250000 1.000000 -0.000000 0.000000
11612778156109.871094 6690660885061507.000000 47340869665859624.000000 -0.000000 0.000000 1.000000
-84190065669214304.000000 3703820132783.709961 11612088330342.150391 0.695209 -0.693422 -0.189341
2197222001149.630127 1466494894750059.000000 -84190069408466864.000000 0.929452 0.002535 -0.368935
6690660886579507.000000 47340869666972616.000000 2195759081268.160156 -0.000000 -1.000000 0.000000
3696477256707.550293 11611702896284.810547 6690660883780735.000000 0.000113 -0.004421 0.999990
1466501252819656.750000 -84190076880596960.000000 3693038651870.750000 0.120807 -0.684980 0.718476
47340869668490616.000000 2192753717159.280029 1466503054074921.000000 1.000000 -0.000000 0.000000
11610888370497.890625 6690660885061507.000000 47340869665859616.000000 -0.000000 0.000000 1.000000
-84190084094624032.000000 3685824219813.470215 11610284444076.099609 0.695209 -0.693422 -0.189341
2189705808377.370117 1466497428780763.250000 -84190088005675248.000000 0.929452 0.002535 -0.368935
6690660886579507.000000 47340869666972616.000000 2186653750595.500000 -0.000000 -1.000000 0.000000
3674658822843.870117 11609383613942.871094 6690660883948507.000000 0.000113 -0.004421 0.999990
1466502498360171.750000 -84190099214426912.000000 3671177268334.109863 0.120807 -0.684980 0.718476
47340869668490616.000000 2183734285832.580078 1466496697523322.250000 1.000000 -0.000000 0.000000
11608010742407.460938 6690660885061507.000000 47340869665859616.000000 -0.000000 0.000000 1.000000
-84190106729101664.000000 3664091685295.709961 11607320916639.769531 0.695209 -0.693422 -0.189341
2180858175742.650146 1466502797489882.250000 -84190110339505200.000000 0.929452 0.002535 -0.368935
6690660886579507.000000 47340869666972608.000000 2179438205534.189941 -0.000000 -1.000000 0.000000
3657221255622.109863 11605088646645.179688 6690660883948507.000000 0.000113 -0.004421 0.999990
1466503357353630.000000 -84190117983433984.000000 3653782650785.310059 0.120807 -0.684980 0.718476
47340869668490608.000000 2176475791098.310059 1466497986013509.750000 1.000000 -0.000000 0.000000
11602684982958.740234 6690660885061506.000000 47340869665859608.000000 -0.000000 0.000000 1.000000
-84190125455159072.000000 3647040665130.589844 11601179113404.810547 0.695209 -0.693422 -0.189341
2173642630681.380127 1466500091660484.250000 -84190129194411632.000000 0.929452 0.002535 -0.368935
6690660843629834.000000 47340869666972608.000000 2172222660472.929932 -0.000000 -1.000000 0.000000
3640384983821.790039 11598302598315.839844 6690660840998833.000000 0.000113 -0.004421 0.999990
1466499878430119.000000 -84190136580642368.000000 3637161127349.790039 0.120807 -0.684980 0.718476
47340869668490608.000000 2169474994401.989990 1466496310976262.750000 1.000000 -0.000000 0.000000
11596113682994.220703 6690660842111833.000000 47340869665859608.000000 -0.000000 0.000000 1.000000
-84184151198600000.000000 1657096417547.870117 10627810674913.960938 0.838971 -0.476448 -0.262915
1323539753321.770020 1466492403668799.500000 -84184147421659792.000000 0.886502 -0.005881 -0.462688
6690670893685532.000000 47340869666974000.000000 1325383958260.070068 0.000226 -1.000000 -0.000000
1666418014580.189941 10636144024469.160156 6690670891222307.000000 -0.001841 0.001933 0.999996
745922048265005.750000 -84184139818454688.000000 1670796250222.110107 0.813019 0.453431 -0.365240
47340869668492000.000000 1329250541828.540039 1466497986013285.750000 1.000000 -0.000000 0.000000
10642974540470.679688 6690670892167533.000000 47340869665861000.000000 -0.000000 -0.000000 1.000000
-84184132429592928.000000 1679687945524.830078 10647567524477.880859 0.837394 -0.471348 -0.276773
1333332278761.870117 1466500564106665.250000 -84184128695602384.000000 0.887304 -0.007972 -0.461117
6690670893853305.000000 47340869666974008.000000 1335219433373.120117 0.000222 -1.000000 -0.000000
1688751844519.390137 10655084830246.800781 6690670891222307.000000 0.000031 -0.000519 1.000000
1466500565624667.250000 -84184121221246272.000000 1693258929180.189941 -0.303355 -0.734143 0.607462
47340869668492008.000000 1339171916287.560059 1466495666730950.500000 1.000000 -0.000000 0.000000
10661314050826.919922 6690670892335305.000000 47340869665861008.000000 -0.000000 -0.000000 1.000000
-84184113574686496.000000 1702365372847.709961 10666379481236.669922 0.832026 -0.495068 -0.250279
1343167753874.939941 1466496312089046.750000 -84184109969544976.000000 0.887692 -0.018577 -0.460063
6690670893853305.000000 47340869666974008.000000 1345097858159.159912 0.000228 -1.000000 -0.000000
1711214523477.469971 10674068585697.419922 6690670891222307.000000 -0.004331 0.005063 0.999978
1466499663681539.250000 -84184102624037888.000000 1715678658465.310059 -0.273715 -0.737593 0.617282
47340869668492008.000000 1349007391400.590088 1466496482774741.250000 1.000000 -0.000000 -0.000000
10681156799736.720703 6690670892335307.000000 47340869665861008.000000 -0.000000 -0.000000 1.000000
-84184095106327136.000000 1724613303440.989990 10684676041919.910156 -0.704417 0.697243 -0.132847
1352874379969.050049 1466500349358309.250000 -84184091372336576.000000 0.888680 -0.030948 -0.457482
6690670936635206.000000 47340869666974008.000000 1354933333272.209961 -0.000000 -1.000000 0.000000
1733376554724.830078 10689229820254.541016 6690670934171980.000000 -0.003111 0.003524 0.999989
1466500565624675.000000 -84184083726181792.000000 1737497092328.989990 -0.273715 -0.737593 0.617282
47340869668492016.000000 1358413369783.909912 1466499446302178.500000 1.000000 -0.000000 0.000000
10694213500318.740234 6690670935284980.000000 47340869665861016.000000 -0.000000 -0.000000 1.000000
-84184076380269728.000000 1746259938612.830078 10698505836615.210938 0.731564 -0.677860 0.072930
1362409207371.270020 1466500778855042.250000 -84184072646279168.000000 0.889748 -0.014831 -0.456210
6690670936802980.000000 47340869666974016.000000 1364210462636.580078 -0.000000 -1.000000 0.000000
1755109089242.590088 10705851343692.269531 6690670934171980.000000 -0.006746 0.008471 0.999941
745924195748669.875000 -84184065128973408.000000 1759358475865.630127 0.813019 0.453431 -0.365240
47340869668492016.000000 1368034096532.080078 1466499875798912.000000 1.000000 -0.000000 0.000000
10710920923102.429688 6690670935284978.000000 47340869665861016.000000 -0.000000 0.000000 1.000000
-84184057482413600.000000 1768379020187.229980 10715685705801.460938 0.762919 -0.646422 -0.009699
1371944034773.500000 1466495968491674.500000 -84184053920221760.000000 0.891281 -0.002283 -0.453446
6690670936635206.000000 47340869666974016.000000 1373745290038.790039 -0.000000 -1.000000 0.000000
1776927523106.270020 10721442074978.960938 6690670934171980.000000 -0.002225 0.002378 0.999995
1466494595620141.250000 -84184046531765024.000000 1781219859402.270020 0.080832 -0.755342 0.650326
47340869668492016.000000 1377440074915.350098 1466498243711343.000000 1.000000 -0.000000 -0.000000
10726726402753.890625 6690670935117206.000000 47340869665861032.000000 -0.000000 0.000000 1.000000
-84184039057003904.000000 1789896806340.189941 10730503342974.830078 0.748695 -0.662534 0.022470
1381264113810.830078 1466497042233501.750000 -84184035323013360.000000 0.892800 -0.003963 -0.450437
6690670936635207.000000 47340869666974032.000000 1383323067113.979980 -0.000000 -1.000000 0.000000
1798874805988.830078 10738664893838.160156 6690670934171978.000000 0.000846 -0.001581 0.999998
745920931573532.875000 -84184027676858592.000000 1803081242938.910156 0.813019 0.453431 -0.365240
47340869668492032.000000 1387146701009.419922 1466497212919196.750000 1.000000 -0.000000 -0.000000
10746397352971.820312 6690670935284980.000000 47340869665861032.000000 -0.000000 0.000000 1.000000
-84184020330946496.000000 1811629340857.949951 10750260192538.669922 0.710290 -0.695819 0.106415
1390884840558.949951 1466496312089066.000000 -84184016596955952.000000 0.893941 0.006215 -0.448141
6690670936802978.000000 47340869666974032.000000 1392686095824.229980 -0.000000 -1.000000 0.000000
1820134894104.030029 10755544115313.599609 6690670934004207.000000 0.000922 -0.001804 0.999998
1466500093178288.000000 -84184009079650176.000000 1824556079418.910156 0.080832 -0.755342 0.650326
47340869668492032.000000 1396595629065.650146 745926039953619.875000 1.000000 -0.000000 0.000000
10762675279025.849609 6690670978066880.000000 47340869665861032.000000 -0.000000 0.000000 1.000000
-84184001433090400.000000 1833361875375.709961 10766280420554.929688 0.710290 -0.695819 0.106415
1400290818942.239990 1466501981445900.750000 -84183997827948880.000000 0.893941 0.006215 -0.448141
6690670979752650.000000 47340869666974040.000000 1402177973553.459961 -0.000000 -1.000000 0.000000
1841738579602.910156 10772723984499.779297 6690670977121651.000000 0.000922 -0.001804 0.999998
1466496700154127.750000 -84183990482441792.000000 1845945016552.989990 0.080832 -0.755342 0.650326
47340869668492040.000000 1405658010065.150146 1466501765584537.750000 1.000000 -0.000000 -0.000000
10777192268488.439453 6690670978234651.000000 47340869665861040.000000 -0.000000 0.000000 1.000000
-84183983007680704.000000 1854407215126.110107 10779723668193.529297 0.710290 -0.695819 0.106415
1409310250268.709961 1466496140290381.250000 -84183979230740480.000000 0.893941 0.006215 -0.448141
6690670979752651.000000 47340869666974040.000000 1411240354552.949951 -0.000000 -1.000000 0.000000
1863084567064.030029 10786296081157.291016 6690670976953880.000000 0.000922 -0.001804 0.999998
1466500565624697.250000 -84183971627535360.000000 1867119205322.270020 0.080832 -0.755342 0.650326
47340869668492040.000000 1414849240083.520020 1466500305295660.500000 1.000000 -0.000000 -0.000000
10790979113510.740234 6690670978234653.000000 47340869665861040.000000 -0.000000 0.000000 1.000000
-84183964238673632.000000 1875409605203.550049 10794498355693.890625 0.710290 -0.695819 0.106415
1418587379633.020020 1466500778855064.750000 -84183960504683072.000000 0.893941 0.006215 -0.448141
6690670979752653.000000 47340869666974040.000000 1420302735552.360107 -0.000000 -1.000000 0.000000
1883915158449.630127 10801199617676.519531 6690670976953879.000000 0.000922 -0.001804 0.999998
1466491331444856.250000 91507004517391616.000000 6882970078.750000 0.397392 -0.797872 0.453299
47340869666448608.000000 3259881290666.430176 1466488365286422.750000 1.000000 0.000002 0.000002
10127492566054.160156 6690670376939229.000000 47340869663817616.000000 0.000003 -0.011733 0.999931
91507011992152704.000000 23591505860.189999 10141577427785.419922 0.809668 -0.568339 0.146384
3262245040682.760254 1466489483090923.250000 91507015597294224.000000 0.967925 0.000013 -0.251239
6690670378457229.000000 47340869664930616.000000 3263359101181.419922 -0.000000 -1.000000 0.000000
31796411395.549999 10142867030974.470703 6690670375832127.000000 -0.000357 -0.000030 1.000000
2232102537953414.250000 91507021310713728.000000 45537675742.750000 -0.000002 -0.866352 0.499434
47340869666448616.000000 3263660861892.669922 1517150811667565.500000 1.000000 0.000001 0.000000
10184658580765.380859 6690670377107001.000000 47340869663817616.000000 0.000011 -0.010470 0.999945
91507025177702304.000000 52453686089.309998 10182250768079.660156 0.809668 -0.568339 0.146384
3267141303407.000000 2232100346002093.250000 91507027150756256.000000 0.966198 -0.000003 -0.257802
6690670378636141.000000 47340869664930616.000000 3265979031235.800293 -0.000000 -1.000000 0.000000
57179668114.910004 10181306988274.679688 6690670375994001.000000 -0.000357 -0.000030 1.000000
1466489957055333.750000 91507032563528032.000000 62545746234.910004 0.397392 -0.797872 0.453299
47340869666448616.000000 3268385325925.339844 1466491586511906.500000 1.000000 0.000002 0.000002
10177357136362.669922 6690670376939229.000000 47340869663817616.000000 0.000011 -0.010470 0.999945
91507040038289152.000000 70793196443.229996 10177440404708.669922 0.809668 -0.568339 0.146384
3269890082481.260254 1466488624097474.250000 91507041839544400.000000 0.967925 0.000013 -0.251239
6690670378457229.000000 47340869664930616.000000 3270703495268.830078 -0.000000 -1.000000 0.000000
84195012406.750000 10187792388892.480469 6690670375826229.000000 -0.000357 -0.000030 1.000000
1466487423024631.750000 91507049356850176.000000 88401449356.830002 0.397392 -0.797872 0.453299
47340869666448616.000000 3271091155326.680176 1491818450310670.750000 1.000000 0.000001 0.000000
10188609950678.960938 6690670377107001.000000 47340869663817624.000000 0.000015 -0.010738 0.999942
91507055156574016.000000 99741276018.270004 10196767757541.640625 0.809668 -0.568339 0.146384
3272853609920.660156 1491821500850453.500000 91507056957829280.000000 0.966735 0.000006 -0.255779
6690670378630244.000000 47340869664930624.000000 3273323425323.950195 -0.000000 -1.000000 0.000000
102835170471.389999 10191443111094.660156 6690670375826229.000000 -0.000357 -0.000030 1.000000
1466489828206319.750000 91507062370601088.000000 113741756403.229996 0.397392 -0.797872 0.453299
47340869666448624.000000 3274441229822.810059 1491818278511982.750000 1.000000 0.000001 0.000000
10210127736832.779297 6690670419888902.000000 47340869663817624.000000 0.000005 -0.011039 0.999939
91507068084425568.000000 121559709881.949997 10211198847656.951172 0.810001 -0.568119 0.145392
3276762030166.080078 1466491802373279.500000 91507071689567104.000000 0.967925 0.000013 -0.251239
6690670421417386.000000 47340869664930624.000000 3276931197858.350098 -0.000000 -1.000000 0.000000
130408860511.710007 10215237229915.480469 6690670418775902.000000 -0.000294 -0.000092 1.000000
1466491030797168.000000 91507077360036928.000000 136204435361.309998 0.397392 -0.797872 0.453299
47340869666448624.000000 3279122744182.609863 2209579812721545.000000 1.000000 0.000001 -0.000008
10214250905437.621094 6690670419894800.000000 47340869663817624.000000 0.000000 -0.011894 0.999929
91507083202710464.000000 146384620852.830017 10226145333847.871094 0.810001 -0.568119 0.145392
3279811456951.189941 1491822016246536.250000 91507085003965728.000000 0.966735 0.000006 -0.255779
6690670421406902.000000 47340869664930624.000000 3281355014179.850098 0.000000 -1.000000 0.000000
156908808728.029999 10236583217377.541016 6690670418775902.000000 -0.001072 0.001035 0.999999
2209581447440122.000000 91507092349472800.000000 159483158105.630005 -0.000002 -0.866352 0.499434
47340869666448624.000000 3282816416062.760254 2209580499916317.750000 1.000000 0.000001 -0.000008
10239118766082.359375 6690670419894799.000000 47340869663817624.000000 0.000013 -0.010501 0.999945
91507096087612352.000000 168460752754.269989 10241779014806.080078 0.831237 -0.548923 0.087911
3283805776542.589844 1466488667047161.000000 91507099692753888.000000 0.967925 0.000013 -0.251239
6690670421579915.000000 47340869664930640.000000 3284189692599.870117 -0.000000 -1.000000 0.000000
178512494226.910004 10250198263706.589844 6690670418775902.000000 0.001143 -0.001655 0.999998
1466491288495213.500000 91507105406173376.000000 187271596510.750000 0.397392 -0.797872 0.453299
47340869666448640.000000 3288142175517.890137 2209579469124174.250000 1.000000 0.000001 -0.000008
10266262959394.259766 6690670419894800.000000 47340869663817640.000000 0.000008 -0.008956 0.999960
91507114856619424.000000 203550635562.589996 10275365659062.060547 0.831237 -0.548923 0.087911
3289088586324.680176 1466492575467407.750000 91507118418811296.000000 0.967925 0.000013 -0.251239
6690670421406902.000000 47340869664930640.000000 3290803942245.620117 -0.000000 -1.000000 0.000000
214976766569.950012 10280864330201.320312 6690670418781800.000000 0.001143 -0.001655 0.999998
1466489312810265.000000 91507125936117056.000000 222919825067.550018 0.397392 -0.797872 0.453299
47340869666448640.000000 3292565991839.530273 2209579254375814.750000 1.000000 0.000001 -0.000008
10292677008265.720703 6690670419894800.000000 47340869663817640.000000 0.000006 -0.008054 0.999968
91507131606991904.000000 232584614483.550018 10298558482461.480469 0.831237 -0.548923 0.087911
3293898949703.419922 1466492145970684.750000 91507135383932112.000000 0.967925 0.000013 -0.251239
6690670421585158.000000 47340869664930640.000000 3295571355950.890137 -0.000000 -1.000000 0.000000
238770885389.790009 10302210317663.291016 6690670418787697.000000 0.001143 -0.001655 0.999998
2254620063643898.500000 91507139250515680.000000 247272289635.869995 -0.000002 -0.866352 0.499434
47340869666448640.000000 3295271821240.100098 2260246124573271.500000 1.000000 0.000001 -0.000000
10306721551324.240234 6690670419906595.000000 47340869663817640.000000 0.000000 -0.007931 0.999969
91507141055919936.000000 247531100673.630005 10314965257532.759766 0.831237 -0.548923 0.087911
3295101540548.300293 1517152530767521.750000 91507141053288944.000000 0.966735 0.000006 -0.255779
6690670421585158.000000 47340869664930648.000000 3296344450065.680176 -0.000000 -1.000000 0.000000
247962115403.230011 10308609818934.650391 6690670418787697.000000 0.001143 -0.001655 0.999998
2232100819966529.750000 91507144662174464.000000 254144237309.470001 -0.000002 -0.866352 0.499434
47340869666448648.000000 3296173764373.870117 1517151241164334.500000 1.000000 0.000001 0.000000
10321710987187.791016 6690670420061917.000000 47340869663817648.000000 -0.000057 -0.005987 0.999982
